17011 200 12000 3 Magic
3738 5000 10000 3 Range
3739 5000 10000 3 Magic
3737 5000 10000 3 Melee
8411 20000 40000 3 Range
23785 20000 40000 3 Range
8412 20000 40000 3 Magic
23786 20000 40000 3 Magic
8410 20000 40000 3 Melee
23787 20000 40000 3 Melee
17011 30000 40000 3 Magic
12535 30000 40000 3 Melee
5012 30000 40000 3 Range
12537 40000 50000 3 Melee
17013 40000 50000 3 Magic
5011 40000 50000 3 Range
3745 50000 60000 4 Magic
22115 50000 60000 4 Melee
22114 50000 60000 4 Magic
22113 50000 60000 4 Range
8136 60000 70000 4 Melee
23227 60000 70000 4 Magic
15874 60000 70000 4 Magic
23226 60000 70000 4 Range
23063 70000 80000 4 Melee
15870 80000 90000 4 Melee
17694 95000 115000 4 Melee
23228 95000 115000 4 Range
15872 100000 125000 4 Range
23302 95000 115000 4 Magic
23062 70000 80000 4 Magic
23061 70000 80000 4 Range
22379 60000 70000 4 Range
22375 60000 70000 4 Magic