16854 -5 -5 -5 7 -5 16 10 21 7 0 0 0 0 0
16855 -5 -5 -5 11 -5 20 12 26 11 0 0 0 0 0
16856 -5 -5 -5 11 -5 20 12 26 11 0 0 0 0 0
16857 -5 -5 -5 13 -5 24 15 31 13 0 0 0 0 0
16858 -5 -5 -5 13 -5 24 15 31 13 0 0 0 0 0
16859 -5 -5 -5 15 -5 28 18 36 15 0 0 0 0 0
16860 -5 -5 -5 15 -5 28 18 36 15 0 0 0 0 0
16861 -5 -5 -5 17 -5 32 22 41 17 0 0 0 0 0
16862 -5 -5 -5 17 -5 32 22 41 17 0 0 0 0 0
16863 0 0 0 24 -5 36 32 46 23 0 0 0 1 0
16864 0 0 0 27 -5 36 32 46 23 0 0 0 1 0
16865 -5 -5 -5 21 -5 40 29 51 21 0 0 0 0 0
16866 -5 -5 -5 21 -5 40 29 51 21 0 0 0 0 0
16867 0 0 0 0 7 0 0 0 0 0 0 0 0 0
16868 0 0 0 0 7 0 0 0 0 0 0 0 0 0
16869 0 0 0 0 10 0 0 0 0 0 0 0 0 0
16870 0 0 0 0 10 0 0 0 0 0 0 0 0 0
16871 0 0 0 0 13 0 0 0 0 0 0 0 0 0
16872 0 0 0 0 13 0 0 0 0 0 0 0 0 0
16873 0 0 0 0 15 0 0 0 0 0 0 0 0 0
16874 0 0 0 0 15 0 0 0 0 0 0 0 0 0
16875 0 0 0 0 19 0 0 0 0 0 0 0 0 0
16876 0 0 0 0 19 0 0 0 0 0 0 0 0 0
16877 0 0 0 0 30 0 0 0 0 0 0 0 0 0
16878 0 0 0 0 30 0 0 0 0 0 0 0 0 0
16879 0 0 0 0 79 0 0 0 0 0 0 79 0 0
16880 0 0 0 0 36 0 0 0 0 0 0 0 0 0
16881 0 0 0 0 43 0 0 0 0 0 0 0 0 0
16882 0 0 0 0 43 0 0 0 0 0 0 0 0 0
16883 0 0 0 0 50 0 0 0 0 0 0 0 0 0
16884 0 0 0 0 50 0 0 0 0 0 0 0 0 0
16885 0 0 0 0 57 0 0 0 0 0 0 0 0 0
16886 0 0 0 0 57 0 0 0 0 0 0 0 0 0
16887 0 0 0 0 65 0 0 0 0 0 0 0 0 0
16888 0 0 0 0 65 0 0 0 0 0 0 0 0 0
16889 -4 25 21 -4 0 0 0 0 0 -1 24 0 0 0
16890 -4 25 21 -4 0 0 0 0 0 -1 24 0 0 0
16891 -4 39 30 -4 0 0 0 0 0 -1 35 0 0 0
16892 -4 39 30 -4 0 0 0 0 0 -1 35 0 0 0
16893 -4 62 47 -4 0 0 0 0 0 -1 43 0 0 0
16894 -4 62 47 -4 0 0 0 0 0 -1 43 0 0 0
16895 -4 84 66 -4 0 0 0 0 0 -1 55 0 0 0
16896 -4 84 66 -4 0 0 0 0 0 -1 55 0 0 0
16897 -4 95 76 -4 0 0 0 0 0 -1 80 0 0 0
16898 -4 95 76 -4 0 0 0 0 0 -1 80 0 0 0
16899 -4 104 84 -4 0 0 0 0 0 -1 94 0 0 0
16900 -4 104 84 -4 0 0 0 0 0 -1 94 0 0 0
16901 -4 115 94 -4 0 0 0 0 0 -1 110 0 0 0
16902 -4 115 94 -4 0 0 0 0 0 -1 110 0 0 0
16903 -4 129 106 -4 0 0 0 0 0 -1 123 0 0 0
16904 -4 129 106 -4 0 0 0 0 0 -1 123 0 0 0
16905 -4 145 121 -4 0 0 0 0 0 -1 141 0 0 0
16906 -4 145 121 -4 0 0 0 0 0 -1 141 0 0 0
16907 -4 162 130 -4 0 0 0 0 0 -1 157 0 0 0
16908 -4 162 130 -4 0 0 0 0 0 -1 157 0 0 0
16909 -4 179 141 -4 0 0 0 0 0 -1 162 0 0 0
16910 -4 179 141 -4 0 0 0 0 0 -1 162 0 0 0
16911 -2 -2 -2 1 -2 1 1 1 1 0 0 0 0 0
16912 -2 -2 -2 1 -2 1 1 1 1 0 0 0 0 0
16913 -2 -2 -2 1 -2 2 1 3 1 0 0 0 0 0
16914 -2 -2 -2 1 -2 2 1 3 1 0 0 0 0 0
16915 -2 -2 -2 1 -2 3 2 5 1 0 0 0 0 0
16916 -2 -2 -2 1 -2 3 2 5 1 0 0 0 0 0
16917 -2 -2 -2 2 -2 4 3 7 2 0 0 0 0 0
16918 -2 -2 -2 2 -2 4 3 7 2 0 0 0 0 0
16919 -2 -2 -2 3 -2 5 4 9 3 0 0 0 0 0
16920 -2 -2 -2 3 -2 5 4 9 3 0 0 0 0 0
16921 -2 -2 -2 4 -2 6 5 11 4 0 0 0 0 0
16922 -2 -2 -2 4 -2 6 5 11 4 0 0 0 0 0
16923 -2 -2 -2 5 -2 7 6 13 5 0 0 0 0 0
16924 -2 -2 -2 5 -2 7 6 13 5 0 0 0 0 0
16925 -2 -2 -2 6 -2 8 7 15 6 0 0 0 0 0
16926 -2 -2 -2 6 -2 8 7 15 6 0 0 0 0 0
16927 -2 -2 -2 7 -2 9 8 17 7 0 0 0 0 0
16928 -2 -2 -2 7 -2 9 8 17 7 0 0 0 0 0
16929 -2 -2 -2 8 -2 10 9 19 8 0 0 0 0 0
16930 -2 -2 -2 8 -2 10 9 19 8 0 0 0 0 0
16931 -2 -2 -2 9 -2 11 10 21 9 0 0 0 0 0
16932 -2 -2 -2 9 -2 11 10 21 9 0 0 0 0 0
16933 0 0 0 0 0 7 9 8 2 8 0 0 0 0
16934 0 0 0 0 0 7 9 8 2 8 0 0 0 0
16935 7 5 -2 0 0 0 2 1 0 0 7 0 0 0
16936 7 5 -2 0 0 0 2 1 0 0 7 0 0 0
16937 13 9 -2 0 0 0 2 1 0 0 11 0 0 0
16938 13 9 -2 0 0 0 2 1 0 0 11 0 0 0
16939 22 14 -2 0 0 0 2 1 0 0 16 0 0 0
16940 22 14 -2 0 0 0 2 1 0 0 16 0 0 0
16941 30 24 -2 0 0 0 2 1 0 0 24 0 0 0
16942 30 24 -2 0 0 0 2 1 0 0 24 0 0 0
16943 38 30 -2 0 0 0 2 1 0 0 38 0 0 0
16944 38 30 -2 0 0 0 2 1 0 0 38 0 0 0
16945 47 36 -2 0 0 0 2 1 0 0 52 0 0 0
16946 47 36 -2 0 0 0 2 1 0 0 52 0 0 0
16947 53 42 -2 0 0 0 2 1 0 0 63 0 0 0
16948 53 42 -2 0 0 0 2 1 0 0 63 0 0 0
16949 59 48 -2 0 0 0 2 1 0 0 79 0 0 0
16950 59 48 -2 0 0 0 2 1 0 0 79 0 0 0
16951 67 54 -2 0 0 0 2 1 0 0 96 0 0 0
16952 67 54 -2 0 0 0 2 1 0 0 96 0 0 0
16953 76 61 -2 0 0 0 2 1 0 0 107 0 0 0
16954 76 61 -2 0 0 0 2 1 0 0 107 0 0 0
16955 83 67 -2 0 0 0 2 1 0 0 109 0 0 0
16956 83 67 -2 0 0 0 2 1 0 0 109 0 0 0
16957 38 30 -2 0 0 0 2 1 0 0 38 0 0 0
16958 38 30 -2 0 0 0 2 1 0 0 38 0 0 0
16959 67 54 -2 0 0 0 2 1 0 0 96 0 0 0
16960 67 54 -2 0 0 0 2 1 0 0 96 0 0 0
16961 42 67 -2 0 0 0 3 2 0 0 49 0 0 0
16962 42 67 -2 0 0 0 3 2 0 0 49 0 0 0
16963 71 101 -2 0 0 0 3 2 0 0 114 0 0 0
16964 71 101 -2 0 0 0 3 2 0 0 114 0 0 0
16965 -4 -4 154 -4 0 0 0 0 -1 1 145 0 0 0
16966 -4 -4 154 -4 0 0 0 0 -1 1 145 0 0 0
16967 0 -1 10 10 0 0 0 0 10 0 7 0 0 15
16968 0 -1 10 10 0 0 0 0 10 0 7 0 0 15
16969 0 -1 10 10 0 0 0 0 10 0 7 0 0 15
16970 0 -1 10 10 0 0 0 0 10 0 7 0 0 15
16971 0 0 0 -8 -2 56 98 81 -1 84 0 0 0 0
16972 0 0 0 -8 -2 56 98 81 -1 84 0 0 0 0
16973 -4 95 76 -4 0 0 0 0 0 -1 80 0 0 0
16974 -4 95 76 -4 0 0 0 0 0 -1 80 0 0 0
16975 0 0 0 0 19 0 0 0 0 0 0 0 0 0
16976 0 0 0 0 19 0 0 0 0 0 0 0 0 0
16977 0 -1 7 4 0 0 0 0 4 0 3 0 0 0
16978 0 -1 7 4 0 0 0 0 4 0 3 0 0 0
16979 0 -1 7 4 0 0 0 0 4 0 3 0 0 0
16980 0 -1 7 4 0 0 0 0 4 0 3 0 0 0
16981 0 -1 7 4 0 0 0 0 4 0 3 0 0 0
16982 0 -1 7 4 0 0 0 0 4 0 3 0 0 0
16983 0 -1 7 4 0 0 0 0 4 0 3 0 0 0
16984 0 -1 7 4 0 0 0 0 4 0 3 0 0 0
16985 0 -1 7 4 0 0 0 0 4 0 3 0 0 0
16986 0 -1 7 4 0 0 0 0 4 0 3 0 0 0
16987 0 -1 7 4 0 0 0 0 4 0 3 0 0 0
16988 0 -1 7 4 0 0 0 0 4 0 3 0 0 0
16989 0 -1 7 4 0 0 0 0 4 0 3 0 0 0
16990 0 -1 7 4 0 0 0 0 4 0 3 0 0 0
16991 0 -1 7 4 0 0 0 0 4 0 3 0 0 0
16992 0 -1 7 4 0 0 0 0 4 0 3 0 0 0
16993 0 -1 7 4 0 0 0 0 4 0 3 0 0 0
16994 0 -1 7 4 0 0 0 0 4 0 3 0 0 0
16995 0 0 0 100 0 0 0 0 0 0 0 0 0 100
16996 0 -1 7 4 0 0 0 0 4 0 3 0 0 0
16997 0 -1 7 10 0 2 3 1 10 0 3 0 0 0
16998 0 -1 7 10 0 2 3 1 10 0 3 0 0 0
16999 0 -1 12 13 0 0 0 0 13 0 8 0 0 10
17000 0 -1 12 13 0 0 0 0 13 0 8 0 0 10
17001 1 -1 9 10 0 2 3 1 10 0 5 0 0 0
17002 1 -1 9 10 0 2 3 1 10 0 5 0 0 0
17003 0 -1 12 13 0 0 0 0 13 0 8 0 0 10
17004 0 -1 12 13 0 0 0 0 13 0 8 0 0 10
17005 3 -1 9 10 0 2 3 1 10 0 6 0 0 0
17006 3 -1 9 10 0 2 3 1 10 0 6 0 0 0
17007 0 -1 12 13 0 0 0 0 13 0 8 0 0 10
17008 0 -1 12 13 0 0 0 0 13 0 8 0 0 10
17009 0 -1 7 10 0 2 3 1 10 0 3 0 0 0
17010 0 -1 7 10 0 2 3 1 10 0 3 0 0 0
17011 1 1 1 20000 1 1 1 1 20000 1 1 2 2 20000
17012 0 -1 12 13 0 0 0 0 13 0 8 0 0 10
17013 1 1 1 30000 1 1 1 1 30000 1 1 2 2 30000
17014 0 -1 10 10 0 0 0 0 10 0 7 0 0 15
17015 0 -1 31 15 0 0 0 0 15 0 15 0 0 20
17016 0 -1 31 15 0 0 0 0 15 0 15 0 0 20
17017 0 -1 61 30 0 0 0 0 30 0 30 0 0 40
17018 0 -1 41 20 0 0 0 0 20 0 20 0 0 30
17019 -4 -4 17 0 0 0 0 0 0 0 9 0 0 0
17020 -4 -4 17 0 0 0 0 0 0 0 9 0 0 0
17021 -4 -4 27 0 0 0 0 0 0 0 14 0 0 0
17022 -4 -4 27 0 0 0 0 0 0 0 14 0 0 0
17023 -4 -4 43 0 0 0 0 0 0 0 18 0 0 0
17024 -4 -4 43 0 0 0 0 0 0 0 18 0 0 0
17025 -4 -4 60 0 0 0 0 0 0 0 27 0 0 0
17026 -4 -4 60 0 0 0 0 0 0 0 27 0 0 0
17027 -4 -4 72 0 0 0 0 0 0 0 48 0 0 0
17028 -4 -4 72 0 0 0 0 0 0 0 48 0 0 0
17029 -4 -4 78 0 0 0 0 0 0 0 62 0 0 0
17030 -4 -4 78 0 0 0 0 0 0 0 62 0 0 0
17031 -4 -4 87 0 0 0 0 0 0 0 79 0 0 0
17032 -4 -4 87 0 0 0 0 0 0 0 79 0 0 0
17033 -4 -4 96 0 0 0 0 0 0 0 96 0 0 0
17034 -4 -4 96 0 0 0 0 0 0 0 96 0 0 0
17035 -4 -4 107 0 0 0 0 0 0 0 112 0 0 0
17036 -4 -4 107 0 0 0 0 0 0 0 112 0 0 0
17037 -4 -4 117 0 0 0 0 0 0 0 123 0 0 0
17038 -4 -4 117 0 0 0 0 0 0 0 123 0 0 0
17039 -4 -4 126 0 0 0 0 0 0 0 132 0 0 0
17040 -4 -4 126 0 0 0 0 0 0 0 132 0 0 0
17041 -3 -3 -3 -3 1 2 1 3 1 2 0 0 0 0
17042 -3 -3 -3 -3 1 2 1 3 1 2 0 0 0 0
17043 1 1 1 1 20 4 4 4 1 20 1 20 1 1
17044 -3 -3 -3 -3 2 3 3 5 1 4 0 0 0 0
17045 -3 -3 -3 -3 2 5 4 7 2 6 0 0 0 0
17046 -3 -3 -3 -3 2 5 4 7 2 6 0 0 0 0
17047 -3 -3 -3 -3 3 7 6 10 4 8 0 0 0 0
17048 -3 -3 -3 -3 3 7 6 10 4 8 0 0 0 0
17049 -3 -3 -3 -3 5 8 6 10 7 8 0 0 0 0
17050 -3 -3 -3 -3 5 8 6 10 7 8 0 0 0 0
17051 -3 -3 -3 -3 7 11 9 15 10 12 0 0 0 0
17052 -3 -3 -3 -3 7 11 9 15 10 12 0 0 0 0
17053 -3 -3 -3 -3 8 13 11 18 14 14 0 0 0 0
17054 -3 -3 -3 -3 8 13 11 18 14 14 0 0 0 0
17055 -3 -3 -3 -3 9 15 13 21 19 16 0 0 0 0
17056 -3 -3 -3 -3 9 15 13 21 19 16 0 0 0 0
17057 -3 -3 -3 -3 10 17 15 24 25 19 0 0 0 0
17058 -3 -3 -3 -3 10 17 15 24 25 19 0 0 0 0
17059 -3 -3 -3 -3 11 19 17 27 31 21 0 0 0 0
17060 -3 -3 -3 -3 11 19 17 27 31 21 0 0 0 0
17061 -3 -3 -3 -3 12 21 19 30 38 23 0 0 0 0
17062 -3 -3 -3 -3 12 21 19 30 38 23 0 0 0 0
17063 19 9 15 0 0 1 2 2 0 0 16 0 0 0
17064 19 9 15 0 0 1 2 2 0 0 16 0 0 0
17065 19 9 15 0 0 1 2 2 0 0 16 0 0 0
17066 19 9 15 0 0 1 2 2 0 0 16 0 0 0
17067 19 9 15 0 0 1 2 2 0 0 16 0 0 0
17068 19 9 15 0 0 1 2 2 0 0 16 0 0 0
17069 19 9 15 0 0 1 2 2 0 0 16 0 0 0
17070 19 9 15 0 0 1 2 2 0 0 16 0 0 0
17071 31 14 24 0 0 1 2 2 0 0 25 0 0 0
17072 31 14 24 0 0 1 2 2 0 0 25 0 0 0
17073 31 14 24 0 0 1 2 2 0 0 25 0 0 0
17074 31 14 24 0 0 1 2 2 0 0 25 0 0 0
17075 31 14 24 0 0 1 2 2 0 0 25 0 0 0
17076 31 14 24 0 0 1 2 2 0 0 25 0 0 0
17077 31 14 24 0 0 1 2 2 0 0 25 0 0 0
17078 31 14 24 0 0 1 2 2 0 0 25 0 0 0
17079 51 22 41 0 0 1 2 2 0 0 31 0 0 0
17080 51 22 41 0 0 1 2 2 0 0 31 0 0 0
17081 51 22 41 0 0 1 2 2 0 0 31 0 0 0
17082 51 22 41 0 0 1 2 2 0 0 31 0 0 0
17083 51 22 41 0 0 1 2 2 0 0 31 0 0 0
17084 51 22 41 0 0 1 2 2 0 0 31 0 0 0
17085 51 22 41 0 0 1 2 2 0 0 31 0 0 0
17086 51 22 41 0 0 1 2 2 0 0 31 0 0 0
17087 69 31 52 0 0 1 2 2 0 0 43 0 0 0
17088 69 31 52 0 0 1 2 2 0 0 43 0 0 0
17089 69 31 52 0 0 1 2 2 0 0 43 0 0 0
17090 69 31 52 0 0 1 2 2 0 0 43 0 0 0
17091 69 31 52 0 0 1 2 2 0 0 43 0 0 0
17092 69 31 52 0 0 1 2 2 0 0 43 0 0 0
17093 69 31 52 0 0 1 2 2 0 0 43 0 0 0
17094 69 31 52 0 0 1 2 2 0 0 43 0 0 0
17095 80 41 63 0 0 1 2 2 0 0 67 0 0 0
17096 80 41 63 0 0 1 2 2 0 0 67 0 0 0
17097 80 41 63 0 0 1 2 2 0 0 67 0 0 0
17098 80 41 63 0 0 1 2 2 0 0 67 0 0 0
17099 80 41 63 0 0 1 2 2 0 0 67 0 0 0
17100 80 41 63 0 0 1 2 2 0 0 67 0 0 0
17101 80 41 63 0 0 1 2 2 0 0 67 0 0 0
17102 80 41 63 0 0 1 2 2 0 0 67 0 0 0
17103 88 45 68 0 0 1 2 2 0 0 78 0 0 0
17104 88 45 68 0 0 1 2 2 0 0 78 0 0 0
17105 88 45 68 0 0 1 2 2 0 0 78 0 0 0
17106 88 45 68 0 0 1 2 2 0 0 78 0 0 0
17107 88 45 68 0 0 1 2 2 0 0 78 0 0 0
17108 88 45 68 0 0 1 2 2 0 0 78 0 0 0
17109 88 45 68 0 0 1 2 2 0 0 78 0 0 0
17110 88 45 68 0 0 1 2 2 0 0 78 0 0 0
17111 102 53 79 0 0 1 2 2 0 0 96 0 0 0
17112 102 53 79 0 0 1 2 2 0 0 96 0 0 0
17113 102 53 79 0 0 1 2 2 0 0 96 0 0 0
17114 102 53 79 0 0 1 2 2 0 0 96 0 0 0
17115 102 53 79 0 0 1 2 2 0 0 96 0 0 0
17116 102 53 79 0 0 1 2 2 0 0 96 0 0 0
17117 102 53 79 0 0 1 2 2 0 0 96 0 0 0
17118 102 53 79 0 0 1 2 2 0 0 96 0 0 0
17119 107 55 85 0 0 1 2 2 0 0 112 0 0 0
17120 107 55 85 0 0 1 2 2 0 0 112 0 0 0
17121 107 55 85 0 0 1 2 2 0 0 112 0 0 0
17122 107 55 85 0 0 1 2 2 0 0 112 0 0 0
17123 107 55 85 0 0 1 2 2 0 0 112 0 0 0
17124 107 55 85 0 0 1 2 2 0 0 112 0 0 0
17125 107 55 85 0 0 1 2 2 0 0 112 0 0 0
17126 107 55 85 0 0 1 2 2 0 0 112 0 0 0
17127 110 61 97 0 0 1 2 2 0 0 128 0 0 0
17128 110 61 97 0 0 1 2 2 0 0 128 0 0 0
17129 110 61 97 0 0 1 2 2 0 0 128 0 0 0
17130 110 61 97 0 0 1 2 2 0 0 128 0 0 0
17131 110 61 97 0 0 1 2 2 0 0 128 0 0 0
17132 110 61 97 0 0 1 2 2 0 0 128 0 0 0
17133 110 61 97 0 0 1 2 2 0 0 128 0 0 0
17134 110 61 97 0 0 1 2 2 0 0 128 0 0 0
17135 122 66 109 0 0 1 2 2 0 0 139 0 0 0
17136 122 66 109 0 0 1 2 2 0 0 139 0 0 0
17137 122 66 109 0 0 1 2 2 0 0 139 0 0 0
17138 122 66 109 0 0 1 2 2 0 0 139 0 0 0
17139 122 66 109 0 0 1 2 2 0 0 139 0 0 0
17140 122 66 109 0 0 1 2 2 0 0 139 0 0 0
17141 122 66 109 0 0 1 2 2 0 0 139 0 0 0
17142 122 66 109 0 0 1 2 2 0 0 139 0 0 0
17143 132 70 113 0 0 1 2 2 0 0 145 0 0 0
17144 132 70 113 0 0 1 2 2 0 0 145 0 0 0
17145 132 70 113 0 0 1 2 2 0 0 145 0 0 0
17146 132 70 113 0 0 1 2 2 0 0 145 0 0 0
17147 132 70 113 0 0 1 2 2 0 0 145 0 0 0
17148 132 70 113 0 0 1 2 2 0 0 145 0 0 0
17149 132 70 113 0 0 1 2 2 0 0 145 0 0 0
17150 132 70 113 0 0 1 2 2 0 0 145 0 0 0
17151 -1 -1 -1 1 -1 1 0 1 1 0 0 0 0 0
17152 -1 -1 -1 1 -1 1 0 1 1 0 0 0 0 0
17153 -1 -1 -1 1 -1 2 3 2 1 0 0 0 0 0
17154 -1 -1 -1 1 -1 2 3 2 1 0 0 0 0 0
17155 -1 -1 -1 1 -1 2 2 3 1 0 0 0 0 0
17156 -1 -1 -1 1 -1 2 2 3 1 0 0 0 0 0
17157 -1 -1 -1 2 -1 3 3 4 2 0 0 0 0 0
17158 -1 -1 -1 2 -1 3 3 4 2 0 0 0 0 0
17159 -1 -1 -1 3 -1 4 3 5 3 0 0 0 0 0
17160 -1 -1 -1 3 -1 4 3 5 3 0 0 0 0 0
17161 -1 -1 -1 4 -1 5 4 6 4 0 0 0 0 0
17162 -1 -1 -1 4 -1 5 4 6 4 0 0 0 0 0
17163 -1 -1 -1 5 -1 6 5 7 5 0 0 0 0 0
17164 -1 -1 -1 5 -1 6 5 7 5 0 0 0 0 0
17165 -1 -1 -1 6 -1 7 6 8 6 0 0 0 0 0
17166 -1 -1 -1 6 -1 7 6 8 6 0 0 0 0 0
17167 -1 -1 -1 7 -1 8 7 9 7 0 0 0 0 0
17168 -1 -1 -1 7 -1 8 7 9 7 0 0 0 0 0
17169 -1 -1 -1 8 -1 9 8 10 8 0 0 0 0 0
17170 -1 -1 -1 8 -1 9 8 10 8 0 0 0 0 0
17171 -1 -1 -1 9 -1 10 9 11 9 0 0 0 0 0
17172 -1 -1 -1 9 -1 10 9 11 9 0 0 0 0 0
17173 -10 -10 -10 -15 3 7 6 9 2 8 0 0 0 0
17174 -10 -10 -10 -15 3 7 6 9 2 8 0 0 0 0
17175 1 1 1 1 20 4 4 4 1 20 1 20 1 1
17176 -10 -10 -10 -15 4 14 12 16 3 14 0 0 0 0
17177 -10 -10 -10 -15 4 14 12 16 3 14 0 0 0 0
17178 -10 -10 -10 -15 4 14 12 16 3 14 0 0 0 0
17179 -10 -10 -10 -15 8 28 24 32 11 29 0 0 0 0
17180 -10 -10 -10 -15 8 28 24 32 11 29 0 0 0 0
17181 -10 -10 -10 -15 11 28 24 32 18 29 0 0 0 0
17182 -10 -10 -10 -15 11 28 24 32 18 29 0 0 0 0
17183 -10 -10 -10 -15 17 43 37 50 45 27 0 0 0 0
17184 -10 -10 -10 -15 17 43 37 50 45 27 0 0 0 0
17185 -10 -10 -10 -15 20 51 44 60 38 54 0 0 0 0
17186 -10 -10 -10 -15 20 51 44 60 38 54 0 0 0 0
17187 -10 -10 -10 -15 23 60 52 70 51 63 0 0 0 0
17188 -10 -10 -10 -15 23 60 52 70 51 63 0 0 0 0
17189 -10 -10 -10 -15 27 69 60 81 66 73 0 0 0 0
17190 -10 -10 -10 -15 27 69 60 81 66 73 0 0 0 0
17191 -10 -10 -10 -15 30 78 68 91 83 82 0 0 0 0
17192 -10 -10 -10 -15 30 78 68 91 83 82 0 0 0 0
17193 -10 -10 -10 -15 33 87 76 101 100 91 0 0 0 0
17194 -10 -10 -10 -15 33 87 76 101 100 91 0 0 0 0
17195 -2 -2 -2 -4 1 1 0 1 0 1 0 0 0 0
17196 -2 -2 -2 -4 1 1 0 1 0 1 0 0 0 0
17197 -2 -2 -2 -4 1 1 1 2 1 1 0 0 0 0
17198 -2 -2 -2 -4 1 1 1 2 1 1 0 0 0 0
17199 -2 -2 -2 -4 2 2 1 2 1 2 0 0 0 0
17200 -2 -2 -2 -4 2 2 1 2 1 2 0 0 0 0
17201 -2 -2 -2 -4 3 3 2 3 2 3 0 0 0 0
17202 -2 -2 -2 -4 3 3 2 3 2 3 0 0 0 0
17203 -2 -2 -2 -4 4 3 2 3 4 3 0 0 0 0
17204 -2 -2 -2 -4 4 3 2 3 4 3 0 0 0 0
17205 -2 -2 -2 -4 5 4 3 5 6 4 0 0 0 0
17206 -2 -2 -2 -4 5 4 3 5 6 4 0 0 0 0
17207 -2 -2 -2 -4 6 5 3 6 9 5 0 0 0 0
17208 -2 -2 -2 -4 6 5 3 6 9 5 0 0 0 0
17209 -2 -2 -2 -4 7 6 3 7 12 6 0 0 0 0
17210 -2 -2 -2 -4 7 6 3 7 12 6 0 0 0 0
17211 -2 -2 -2 -4 8 7 4 8 16 7 0 0 0 0
17212 -2 -2 -2 -4 8 7 4 8 16 7 0 0 0 0
17213 -2 -2 -2 -4 9 8 5 9 20 8 0 0 0 0
17214 -2 -2 -2 -4 9 8 5 9 20 8 0 0 0 0
17215 -2 -2 -2 -4 10 9 6 10 24 10 0 0 0 0
17216 -2 -2 -2 -4 10 9 6 10 24 10 0 0 0 0
17217 -7 -7 -7 2 -7 4 3 7 2 0 0 0 0 0
17218 -7 -7 -7 2 -7 4 3 7 2 0 0 0 0 0
17219 -7 -7 -7 4 -7 8 5 11 4 0 0 0 0 0
17220 -7 -7 -7 4 -7 8 5 11 4 0 0 0 0 0
17221 -7 -7 -7 6 -7 12 8 17 6 0 0 0 0 0
17222 -7 -7 -7 6 -7 12 8 17 6 0 0 0 0 0
17223 -7 -7 -7 8 -7 16 11 23 8 0 0 0 0 0
17224 -7 -7 -7 8 -7 16 11 23 8 0 0 0 0 0
17225 -7 -7 -7 11 -7 21 14 30 11 0 0 0 0 0
17226 -7 -7 -7 11 -7 21 14 30 11 0 0 0 0 0
17227 -7 -7 -7 17 -7 26 17 37 17 0 0 0 0 0
17228 -7 -7 -7 17 -7 26 17 37 17 0 0 0 0 0
17229 -7 -7 -7 20 -7 31 21 44 20 0 0 0 0 0
17230 -7 -7 -7 20 -7 31 21 44 20 0 0 0 0 0
17231 -7 -7 -7 23 -7 36 25 51 23 0 0 0 0 0
17232 -7 -7 -7 23 -7 36 25 51 23 0 0 0 0 0
17233 -7 -7 -7 27 -7 51 30 59 27 0 0 0 0 0
17234 -7 -7 -7 27 -7 51 30 59 27 0 0 0 0 0
17235 0 0 0 32 -7 54 38 67 35 0 0 0 1 0
17236 0 0 0 32 -7 54 38 67 35 0 0 0 1 0
17237 -7 -7 -7 34 -7 51 38 75 34 0 0 0 0 0
17238 -7 -7 -7 34 -7 51 38 75 34 0 0 0 0 0
17239 0 0 0 -30 -10 20 19 11 -6 20 0 0 0 0
17240 0 0 0 -30 -10 20 19 11 -6 20 0 0 0 0
17241 0 0 0 -30 -10 37 35 20 -6 37 0 0 0 0
17242 0 0 0 -30 -10 37 35 20 -6 37 0 0 0 0
17243 0 0 0 -30 -10 57 54 31 -6 58 0 0 0 0
17244 0 0 0 -30 -10 57 54 31 -6 58 0 0 0 0
17245 0 0 0 -30 -10 78 73 42 -6 79 0 0 0 0
17246 0 0 0 -30 -10 78 73 42 -6 79 0 0 0 0
17247 0 0 0 -30 -10 100 93 54 -6 101 0 0 0 0
17248 0 0 0 -30 -10 100 93 54 -6 101 0 0 0 0
17249 0 0 0 -30 -10 123 114 67 -6 125 0 0 0 0
17250 0 0 0 -30 -10 123 114 67 -6 125 0 0 0 0
17251 0 0 0 -30 -10 145 136 80 -6 149 0 0 0 0
17252 0 0 0 -30 -10 145 136 80 -6 149 0 0 0 0
17253 0 0 0 -30 -10 171 159 94 -6 174 0 0 0 0
17254 0 0 0 -30 -10 171 159 94 -6 174 0 0 0 0
17255 0 0 0 -30 -10 197 183 108 -6 200 0 0 0 0
17256 0 0 0 -30 -10 197 183 108 -6 200 0 0 0 0
17257 0 0 0 -30 -10 223 207 122 -6 226 0 0 0 0
17258 0 0 0 -30 -10 223 207 122 -6 226 0 0 0 0
17259 0 0 0 -30 -10 247 230 135 -6 251 0 0 0 0
17260 0 0 0 -30 -10 247 230 135 -6 251 0 0 0 0
17261 4 7 7 3 3 0 1 1 1 0 0 0 0 0
17262 4 7 7 3 3 0 1 1 1 0 0 0 0 0
17263 12 17 17 5 5 0 1 1 1 0 0 0 0 0
17264 12 17 17 5 5 0 1 1 1 0 0 0 0 0
17265 1 1 1 0 2 3 3 3 3 3 0 0 0 0
17266 1 1 1 0 2 3 3 3 3 3 0 0 0 0
17267 2 2 2 0 6 6 6 7 6 6 0 0 0 0
17268 2 2 2 0 6 6 6 7 6 6 0 0 0 0
17269 1 1 1 2 0 5 4 8 2 2 0 0 0 0
17270 1 1 1 2 0 5 4 8 2 2 0 0 0 0
17271 2 2 2 5 0 7 6 13 5 5 0 0 0 0
17272 2 2 2 5 0 7 6 13 5 5 0 0 0 0
17273 30 29 28 -2 -1 28 29 28 -2 -1 8 0 0 0
17274 9 6 5 3 -2 5 9 4 3 0 5 0 0 0
17275 32 14 -4 4 -2 0 0 0 4 0 29 0 0 0
17276 32 14 -4 4 -2 0 0 0 4 0 29 0 0 0
17277 50 21 -4 8 -2 0 0 0 8 0 69 0 0 0
17278 50 21 -4 8 -2 0 0 0 8 0 69 0 0 0
17279 -2 -2 -2 6 6 10 7 14 6 4 0 0 0 0
17280 -2 -2 -2 6 6 10 7 14 6 4 0 0 0 0
17281 -2 -2 -2 -3 5 5 5 4 18 5 0 0 0 0
17282 -2 -2 -2 -3 5 5 5 4 18 5 0 0 0 0
17283 -2 -2 -2 -3 8 8 8 7 30 8 0 0 0 0
17284 -2 -2 -2 -3 8 8 8 7 30 8 0 0 0 0
17285 0 0 0 0 0 40 53 62 22 43 0 0 0 0
17286 0 0 0 0 0 40 53 62 22 43 0 0 0 0
17287 0 0 0 0 0 55 72 84 44 60 0 0 0 0
17288 0 0 0 0 0 55 72 84 44 60 0 0 0 0
17289 -3 -3 -3 10 15 0 0 0 10 0 -4 0 0 0
17290 -3 -3 -3 10 15 0 0 0 10 0 -4 0 0 0
17291 20 20 20 20 20 25 25 25 25 25 18 0 75 0
17292 11 11 11 8 8 11 11 11 8 8 11 0 0 0
17293 0 -1 70 23 0 5 7 4 23 0 75 0 0 20
17294 0 -1 70 23 0 5 7 4 23 0 75 0 0 20
17295 0 0 0 -2 45 0 0 0 5 0 0 0 0 0
17296 0 0 0 -2 45 0 0 0 5 0 0 0 0 0
17297 -2 -2 -2 -3 1 1 1 1 1 1 0 0 0 0
17298 -2 -2 -2 -3 1 1 1 1 1 1 0 0 0 0
17299 -2 -2 -2 -3 1 2 1 2 1 2 0 0 0 0
17300 -2 -2 -2 -3 1 2 1 2 1 2 0 0 0 0
17301 -2 -2 -2 -3 1 2 2 3 2 2 0 0 0 0
17302 -2 -2 -2 -3 1 2 2 3 2 2 0 0 0 0
17303 -2 -2 -2 -3 1 3 3 4 3 3 0 0 0 0
17304 -2 -2 -2 -3 1 3 3 4 3 3 0 0 0 0
17305 -2 -2 -2 -3 2 3 3 4 5 3 0 0 0 0
17306 -2 -2 -2 -3 2 3 3 4 5 3 0 0 0 0
17307 -2 -2 -2 -3 3 5 4 6 7 5 0 0 0 0
17308 -2 -2 -2 -3 3 5 4 6 7 5 0 0 0 0
17309 -2 -2 -2 -3 4 6 5 7 10 6 0 0 0 0
17310 -2 -2 -2 -3 4 6 5 7 10 6 0 0 0 0
17311 -2 -2 -2 -3 5 7 6 8 13 7 0 0 0 0
17312 -2 -2 -2 -3 5 7 6 8 13 7 0 0 0 0
17313 -2 -2 -2 -3 7 8 7 9 17 8 0 0 0 0
17314 -2 -2 -2 -3 7 8 7 9 17 8 0 0 0 0
17315 -2 -2 -2 -3 8 9 8 10 21 9 0 0 0 0
17316 -2 -2 -2 -3 8 9 8 10 21 9 0 0 0 0
17317 -2 -2 -2 -3 9 10 9 11 26 10 0 0 0 0
17318 -2 -2 -2 -3 9 10 9 11 26 10 0 0 0 0
17319 -7 -7 -7 -10 2 4 3 4 1 4 0 0 0 0
17320 -7 -7 -7 -10 2 4 3 4 1 4 0 0 0 0
17321 1 1 1 1 20 4 4 4 1 20 1 20 1 1
17322 -7 -7 -7 -10 2 8 6 8 2 8 0 0 0 0
17323 -7 -7 -7 -10 3 11 9 12 4 12 0 0 0 0
17324 -7 -7 -7 -10 3 11 9 12 4 12 0 0 0 0
17325 -7 -7 -7 -10 4 15 12 17 7 16 0 0 0 0
17326 -7 -7 -7 -10 4 15 12 17 7 16 0 0 0 0
17327 -7 -7 -7 -10 6 16 13 18 11 17 0 0 0 0
17328 -7 -7 -7 -10 6 16 13 18 11 17 0 0 0 0
17329 -7 -7 -7 -10 10 24 19 26 17 25 0 0 0 0
17330 -7 -7 -7 -10 10 24 19 26 17 25 0 0 0 0
17331 -7 -7 -7 -10 10 24 19 26 17 25 0 0 0 0
17332 -7 -7 -7 -10 10 24 19 26 17 25 0 0 0 0
17333 -7 -7 -7 -10 14 34 37 36 32 35 0 0 0 0
17334 -7 -7 -7 -10 14 34 37 36 32 35 0 0 0 0
17335 -7 -7 -7 -10 16 39 31 42 41 40 0 0 0 0
17336 -7 -7 -7 -10 16 39 31 42 41 40 0 0 0 0
17337 -7 -7 -7 -10 18 44 35 47 50 45 0 0 0 0
17338 -7 -7 -7 -10 18 44 35 47 50 45 0 0 0 0
17339 -7 -7 -7 -10 20 49 39 52 62 50 0 0 0 0
17340 -7 -7 -7 -10 20 49 39 52 62 50 0 0 0 0
17341 0 0 0 -8 -2 5 10 8 -1 8 0 0 0 0
17342 0 0 0 -8 -2 5 10 8 -1 8 0 0 0 0
17343 0 0 0 -8 -2 9 18 15 -1 16 0 0 0 0
17344 0 0 0 -8 -2 9 18 15 -1 16 0 0 0 0
17345 0 0 0 -8 -2 16 28 23 -1 -24 0 0 0 0
17346 0 0 0 -8 -2 16 28 23 -1 -24 0 0 0 0
17347 0 0 0 -8 -2 22 38 31 -1 33 0 0 0 0
17348 0 0 0 -8 -2 22 38 31 -1 33 0 0 0 0
17349 0 0 0 -8 -2 28 49 40 -1 42 0 0 0 0
17350 0 0 0 -8 -2 28 49 40 -1 42 0 0 0 0
17351 0 0 0 -8 -2 35 61 50 -1 52 0 0 0 0
17352 0 0 0 -8 -2 35 61 50 -1 52 0 0 0 0
17353 0 0 0 -8 -2 42 73 60 -1 62 0 0 0 0
17354 0 0 0 -8 -2 42 73 60 -1 62 0 0 0 0
17355 0 0 0 -8 -2 49 85 70 -1 73 0 0 0 0
17356 0 0 0 -8 -2 49 85 70 -1 73 0 0 0 0
17357 0 0 0 -8 -2 56 98 81 -1 84 0 0 0 0
17358 0 0 0 -8 -2 56 98 81 -1 84 0 0 0 0
17359 0 0 0 -8 -2 63 111 92 -1 95 0 0 0 0
17360 0 0 0 -8 -2 63 111 92 -1 95 0 0 0 0
17361 0 0 0 -8 -2 70 123 102 -1 105 0 0 0 0
17362 0 0 0 -8 -2 70 123 102 -1 105 0 0 0 0
17594 50 50 50 -60 5 140 140 140 -50 5 50 1 1 1
17596 50 50 50 -60 5 140 140 140 -50 5 50 1 1 1
17598 50 50 50 -60 5 140 140 140 -50 5 50 1 1 1
17600 0 0 0 1875 0 0 0 0 0 0 0 0 0 1875
17602 35 35 35 2 32 35 35 35 32 7 35 2 2 2
17606 85 85 85 -75 -75 75 75 75 -45 -45 85 5 5 5
17608 5 5 5 234 10 220 220 220 240 5 21 21 21 154
17610 5 5 5 234 10 220 220 220 240 5 21 21 21 154
17612 5 5 5 234 10 220 220 220 240 5 21 21 21 154
17614 85 85 85 -75 -75 75 75 75 -45 -45 85 5 5 5
17616 85 85 85 -75 -75 75 75 75 -45 -45 85 5 5 5
17618 85 85 85 -75 -75 75 75 75 -45 -45 85 5 5 5
17620 85 85 85 -75 -75 75 75 75 -45 -45 85 5 5 5
17622 85 85 85 -75 -75 75 75 75 -45 -45 85 5 5 5
17624 185 185 185 -75 -75 75 75 75 -45 -45 185 5 5 5
17626 12 12 12 12 230 175 175 175 175 250 4 160 4 4
17628 12 12 12 12 230 175 175 175 175 250 4 160 4 4
17630 12 12 12 12 230 175 175 175 175 250 4 160 4 4
17632 12 12 12 12 230 175 175 175 175 250 4 160 4 4
17638 150 150 150 200 72 75 75 75 200 75 75 2 2 200
17640 150 150 150 200 72 75 75 75 200 75 75 2 2 200
17642 85 85 85 -80 -99 275 275 275 -65 29 80 1 1 1
17646 90 90 90 -80 9 175 175 175 -65 9 80 1 1 1
17648 90 90 90 -80 9 175 175 175 -65 9 80 1 1 1
17650 90 90 90 -80 9 175 175 175 -65 9 80 1 1 1
17652 41 57 -4 0 0 13 26 7 0 0 56 0 0 0
17662 612 401 600 200 200 644 644 644 644 644 500 200 30 300
17678 4000 4000 4000 100 100 0 0 0 0 0 4000 10 0 0
17684 150 150 150 150 150 150 150 150 150 150 150 150 150 150
17686 200 200 200 -100 -100 20 20 20 -20 -20 200 20 20 20
17694 10000 10000 10000 10000 0 0 10000 0 0 0 10000 0 0 0
17700 1000 1000 1000 -100 -100 100 100 100 -20 -20 500 500 100 100
17702 700 700 700 700 700 700 700 700 700 700 700 700 700 700
17704 0 10 10 300 10 10 10 10 320 0 10 10 0 0
17708 710 710 710 120 120 0 0 0 0 0 700 10 0 0
17712 0 10 10 600 10 10 10 10 600 0 10 10 0 0
17714 330 330 330 330 330 0 0 0 0 0 330 20 0 0
17718 456 456 456 456 456 456 456 456 456 456 1 750 0 0
17724 340 340 350 360 370 0 0 0 0 0 334 23 0 0
17726 360 330 360 350 380 0 0 0 0 0 400 23 0 0
17728 125 125 125 -75 -75 105 105 105 -45 -45 105 15 15 15
17730 175 175 125 -175 -75 175 175 175 -45 -45 175 175 175 175
17734 456 456 456 456 456 456 456 456 456 456 456 0 0 0
17999 125 125 125 -75 -75 105 105 105 -45 -45 105 15 15 15
18001 125 125 125 -75 -75 105 105 105 -45 -45 105 15 15 15
18003 125 125 125 -75 -75 105 105 105 -45 -45 105 15 15 15
18005 125 125 125 -75 -75 105 105 105 -45 -45 105 15 15 15
18007 125 125 125 -75 -75 105 105 105 -45 -45 105 15 15 15
18009 125 125 125 -75 -75 105 105 105 -45 -45 105 15 15 15
18011 125 125 125 -75 -75 105 105 105 -45 -45 105 15 15 15
18331 0 0 0 0 110 0 0 0 0 0 0 0 0 0
18332 0 0 0 0 140 0 0 0 0 0 0 140 0 0
18333 0 0 0 10 0 0 0 0 0 0 0 0 0 5
18334 0 0 0 12 0 0 0 0 0 0 0 0 0 10
18335 0 0 0 14 0 0 0 0 0 0 0 0 0 15
18340 0 0 0 0 0 40 35 30 5 40 0 0 0 0
18341 7 -1 28 10 0 2 3 1 10 0 35 0 0 0
18342 7 -1 28 10 0 2 3 1 10 0 35 0 0 0
18346 0 0 0 10 0 0 0 0 10 0 0 0 0 0
18347 0 0 0 -10 13 6 5 7 8 0 0 0 0 0
18349 94 78 -2 0 0 0 2 1 0 0 101 0 0 0
18350 94 78 -2 0 0 0 2 1 0 0 101 0 0 0
18351 107 124 -2 0 0 0 3 2 0 0 120 0 0 0
18352 107 124 -2 0 0 0 3 2 0 0 120 0 0 0
18353 -4 -4 167 0 0 0 0 0 0 0 155 0 0 0
18354 -4 -4 167 0 0 0 0 0 0 0 155 0 0 0
18355 0 -1 70 23 0 5 7 4 23 0 75 0 0 20
18356 0 -1 85 28 0 15 17 14 28 0 82 0 0 0
18357 0 0 0 0 120 0 0 0 0 0 0 0 0 0
18358 0 0 0 0 340 0 0 0 0 0 0 0 0 0
18359 2 0 4 -15 0 83 90 86 -5 89 0 0 0 0
18360 2 0 4 -15 0 83 90 86 -5 89 0 0 0 0
18361 -5 -5 -5 0 4 50 50 70 25 50 0 0 0 0
18362 -5 -5 -5 0 4 50 50 70 25 50 0 0 0 0
18363 55 55 55 2 2 55 55 55 2 6 55 2 2 2
18364 0 0 0 17 -15 55 55 55 5 40 0 0 0 0
18365 55 15 -3 0 0 0 1 0 0 0 32 0 0 0
18366 50 9 -3 0 0 0 1 0 0 0 48 0 0 0
18367 43 53 -2 0 0 0 3 2 0 0 545 0 0 0
18368 43 53 -2 0 0 0 3 2 0 0 545 0 0 0
18369 -4 -4 87 -4 0 0 0 0 0 -1 90 0 0 0
18370 -4 -4 87 -4 0 0 0 0 0 -1 90 0 0 0
18371 -1 -1 15 15 0 2 3 1 15 0 7 0 0 5
18372 -1 -1 15 15 0 2 3 1 15 0 7 0 0 5
18373 0 0 0 0 47 0 0 0 0 0 0 0 0 0
18374 0 0 0 0 47 0 0 0 0 0 0 0 0 0
18416 200 200 200 200 200 200 200 200 200 200 200 200 200 200
18417 200 200 200 200 200 200 200 200 200 200 200 200 200 200
18418 200 200 200 200 200 200 200 200 200 200 200 200 200 200
18419 200 200 200 200 200 200 200 200 200 200 200 200 200 200
18508 0 0 0 0 0 9 9 9 9 9 0 0 4 0
18509 0 0 0 0 0 9 9 9 9 9 0 0 4 0
18623 10 10 10 660 600 600 600 600 660 10 4 4 4 660
18629 0 0 0 4930 0 0 0 0 0 0 0 0 0 4930
18631 10 10 10 660 600 600 600 600 660 10 4 4 4 660
18636 0 0 0 0 5140 0 0 0 0 0 0 5140 0 0
18637 10 10 10 660 600 600 600 600 660 10 4 4 4 660
18638 40 40 40 40 690 500 500 500 500 690 5 660 5 5
18683 200 50 50 50 50 200 200 200 200 200 200 50 50 50
18684 45 43 42 -2 -1 42 43 42 -2 -1 12 0 0 0
18685 61 85 -4 0 0 19 39 11 0 0 84 0 0 0
18686 0 156 -2 0 0 0 11 14 0 0 207 0 0 0
18691 0 0 0 0 0 0 0 0 9 0 0 0 0 0
18692 0 0 0 0 0 0 0 0 9 0 0 0 0 0
18693 0 0 0 0 0 0 0 0 6 0 0 0 0 0
18694 0 0 0 0 0 0 0 0 6 0 0 0 0 0
18695 0 0 0 0 0 0 0 0 17 0 0 0 0 0
18696 0 0 0 0 0 0 0 0 17 0 0 0 0 0
18697 0 0 0 0 0 0 0 0 15 0 0 0 0 0
18698 0 0 0 0 0 0 0 0 15 0 0 0 0 0
18699 0 0 0 0 0 0 0 0 12 0 0 0 0 0
18700 0 0 0 0 0 0 0 0 12 0 0 0 0 0
18705 38 47 -2 0 0 0 3 2 0 0 49 0 0 0
18706 0 0 0 -30 -10 82 80 72 -6 80 0 0 0 0
18707 0 0 0 -21 -7 51 49 47 -4 49 0 0 0 0
18708 0 0 0 -3 -1 22 23 21 -1 22 0 0 0 0
18709 0 0 0 -8 -2 44 48 46 -1 46 0 0 0 0
18739 0 0 0 0 0 1 1 1 1 2 0 0 0 0
18740 0 0 0 0 0 1 1 1 1 2 0 0 0 0
18741 0 0 0 0 0 1 1 1 1 2 0 0 0 0
18742 0 0 0 0 0 1 1 1 1 2 0 0 0 0
18743 0 0 0 0 0 1 1 1 1 2 0 0 0 0
18744 0 0 0 0 0 11 12 10 11 -1 5 0 0 0
18745 0 0 0 0 0 11 12 10 11 -1 5 0 0 0
18746 0 0 0 0 0 11 12 10 11 -1 5 0 0 0
18747 30 30 30 -20 30 60 60 60 -20 30 30 30 30 30
18748 40 40 40 40 690 500 500 500 500 690 5 660 5 5
18749 40 40 40 40 690 500 500 500 500 690 5 660 5 5
18750 5447 5447 5447 1 1 5447 5447 5447 1 1 5447 1 2 2
18751 660 660 660 -100 22 660 660 660 -100 22 660 2 2 2
18752 660 660 660 -100 22 660 660 660 -100 22 660 2 2 2
18753 660 660 660 -100 22 660 660 660 -100 22 660 2 2 2
18754 90 90 90 90 100 100 104 120 3 57 0 0 5 0
18755 0 0 0 0 130 0 0 0 0 0 0 130 0 0
18766 0 0 0 0 130 0 0 0 0 0 0 130 0 0
18785 0 0 0 200 0 0 0 0 400 0 0 0 0 70
18786 60 70 -2 0 0 0 1 0 0 0 70 0 0 0
18787 30 30 30 -4 -1 50 51 52 0 11 11 0 0 0
18789 0 198 120 0 0 0 0 0 0 0 198 0 12 0
18790 127 97 97 0 0 19 19 17 0 19 122 0 4 0
18791 0 19 12 0 0 0 0 0 0 0 19 0 12 0
18792 0 123 90 0 0 0 0 0 0 0 123 0 4 0
18795 0 0 0 -21 -7 116 104 109 -4 149 14 0 12 0
18796 0 198 120 0 0 0 0 0 0 0 198 0 12 0
18797 0 0 0 -15 -10 157 149 167 -6 219 16 0 12 0
18798 0 195 120 0 0 0 0 0 0 0 198 0 12 0
18799 0 0 0 0 195 0 0 0 0 0 0 0 2 0
18800 2 2 2 2 45 6 6 6 2 45 2 45 2 2
18801 2 2 2 2 45 6 6 6 2 45 2 45 2 2
18802 0 0 0 200 0 0 0 0 400 0 0 0 0 70
18817 200 50 50 50 50 200 200 200 200 200 200 50 50 50
18823 250 250 250 250 250 250 250 250 250 250 250 250 250 250
18834 2 2 2 2 45 6 6 6 2 45 2 45 2 2
18835 0 198 120 0 0 0 0 0 0 0 198 0 12 0
18836 0 0 0 400 0 0 0 0 800 0 0 0 0 130
18837 0 0 0 400 0 0 0 0 800 0 0 0 0 130
18838 700 700 700 700 700 700 700 700 700 700 700 700 700 700
18840 0 0 0 400 0 0 0 0 800 0 0 0 0 130
18881 1000 1000 1000 1000 1000 1000 1000 1000 1000 1000 1000 1000 1000 1000
18883 1000 1000 1000 1000 1000 1000 1000 1000 1000 1000 1000 1000 1000 1000
19111 6 6 6 6 6 15 15 15 15 15 8 0 7 0
19123 0 0 0 100 100 100 100 100 100 0 10 0 0 0
19135 0 0 0 0 16 0 0 0 0 0 0 16 0 0
19136 0 0 0 0 300 0 0 0 0 0 0 300 0 0
19137 0 0 0 0 200 0 0 0 0 0 0 200 0 0
19138 3 3 3 60 58 58 58 58 60 4 2 2 2 60
19139 3 3 3 60 58 58 58 58 60 4 2 2 2 60
19140 3 3 3 60 58 58 58 58 60 4 2 2 2 60
19141 60 60 60 -70 6 150 150 150 -50 6 60 1 1 1
19142 60 60 60 -70 6 150 150 150 -50 6 60 1 1 1
19143 0 0 0 0 110 0 0 0 0 0 0 0 4 0
19144 0 0 0 0 110 0 0 0 0 0 0 0 4 0
19145 0 0 0 0 110 0 0 0 0 0 0 0 4 0
19146 0 0 0 0 110 0 0 0 0 0 0 0 4 0
19147 0 0 0 0 110 0 0 0 0 0 0 0 4 0
19148 0 0 0 0 110 0 0 0 0 0 0 0 4 0
19149 2 2 2 2 1830 130 130 130 130 1420 2 1420 2 2
19150 0 0 0 0 110 0 0 0 0 0 0 0 4 0
19151 0 0 0 0 110 0 0 0 0 0 0 0 4 0
19152 0 0 0 0 0 0 0 0 0 0 0 59 0 0
19153 70 90 90 -12 11 90 90 90 90 90 50 50 0 0
19157 0 0 0 0 0 0 0 0 0 0 0 59 0 0
19158 0 0 0 -31 -11 176 160 128 -10 170 8 0 2 0
19159 0 0 0 -31 -11 176 160 128 -10 170 8 0 2 0
19160 0 0 0 -31 -11 176 160 128 -10 170 8 0 2 0
19161 300 300 300 300 300 600 600 600 600 600 100 100 100 100
19162 0 0 0 0 0 0 0 0 0 0 0 59 0 0
19163 300 300 300 300 300 600 600 600 600 600 100 100 100 100
19164 300 300 300 300 300 600 600 600 600 600 100 100 100 100
19165 450 450 450 -100 22 450 450 450 -100 22 450 2 2 2
19166 450 450 450 -100 22 450 450 450 -100 22 450 2 2 2
19167 0 0 0 -30 -10 41 40 30 -6 40 0 0 0 0
19168 0 0 0 -30 -10 41 40 30 -6 40 0 0 0 0
19169 0 0 0 -21 -7 21 20 19 -4 20 0 0 0 0
19170 0 0 0 -21 -7 21 20 19 -4 20 0 0 0 0
19171 0 0 0 -21 -7 21 20 19 -4 20 0 0 0 0
19172 0 0 0 -21 -7 21 20 19 -4 20 0 0 0 0
19173 0 0 0 -30 -10 65 63 55 -6 63 0 0 0 0
19174 0 0 0 -30 -10 65 63 55 -6 63 0 0 0 0
19175 0 0 0 -21 -7 33 31 29 -4 31 0 0 0 0
19176 0 0 0 -21 -7 33 31 29 -4 31 0 0 0 0
19177 0 0 0 -21 -7 33 31 29 -4 31 0 0 0 0
19178 0 0 0 -21 -7 33 31 29 -4 31 0 0 0 0
19179 0 0 0 -30 -10 82 80 72 -6 80 0 0 0 0
19180 0 0 0 -30 -10 82 80 72 -6 80 0 0 0 0
19181 0 0 0 -30 -10 82 80 72 -6 80 0 0 0 0
19182 0 0 0 -21 -7 51 49 47 -4 49 0 0 0 0
19183 0 0 0 -21 -7 51 49 47 -4 49 0 0 0 0
19184 0 0 0 -21 -7 51 49 47 -4 49 0 0 0 0
19185 0 0 0 -21 -7 51 49 47 -4 49 0 0 0 0
19186 0 0 0 -21 -7 51 49 47 -4 49 0 0 0 0
19187 0 0 0 -21 -7 51 49 47 -4 49 0 0 0 0
19188 0 0 0 -30 -10 41 40 30 -6 40 0 0 0 0
19189 0 0 0 -30 -10 41 40 30 -6 40 0 0 0 0
19190 0 0 0 -21 -7 21 20 19 -4 20 0 0 0 0
19191 0 0 0 -21 -7 21 20 19 -4 20 0 0 0 0
19192 0 0 0 -21 -7 21 20 19 -4 20 0 0 0 0
19193 0 0 0 -21 -7 21 20 19 -4 20 0 0 0 0
19194 0 0 0 -30 -10 65 63 55 -6 63 0 0 0 0
19195 0 0 0 -30 -10 65 63 55 -6 63 0 0 0 0
19196 0 0 0 -21 -7 33 31 29 -4 31 0 0 0 0
19197 0 0 0 -21 -7 33 31 29 -4 31 0 0 0 0
19198 0 0 0 -21 -7 33 31 29 -4 31 0 0 0 0
19199 0 0 0 -21 -7 33 31 29 -4 31 0 0 0 0
19200 0 0 0 -30 -10 82 80 72 -6 80 0 0 0 0
19201 0 0 0 -30 -10 82 80 72 -6 80 0 0 0 0
19202 0 0 0 -30 -10 82 80 72 -6 80 0 0 0 0
19203 0 0 0 -21 -7 51 49 47 -4 49 0 0 0 0
19204 0 0 0 -21 -7 51 49 47 -4 49 0 0 0 0
19205 0 0 0 -21 -7 51 49 47 -4 49 0 0 0 0
19206 0 0 0 -21 -7 51 49 47 -4 49 0 0 0 0
19207 0 0 0 -21 -7 51 49 47 -4 49 0 0 0 0
19208 0 0 0 -21 -7 51 49 47 -4 49 0 0 0 0
19209 0 0 0 -30 -10 41 40 30 -6 40 0 0 0 0
19210 0 0 0 -30 -10 41 40 30 -6 40 0 0 0 0
19211 0 0 0 -21 -7 21 20 19 -4 20 0 0 0 0
19212 0 0 0 -21 -7 21 20 19 -4 20 0 0 0 0
19213 0 0 0 -21 -7 21 20 19 -4 20 0 0 0 0
19214 0 0 0 -21 -7 21 20 19 -4 20 0 0 0 0
19215 0 0 0 -30 -10 65 63 55 -6 63 0 0 0 0
19216 0 0 0 -30 -10 65 63 55 -6 63 0 0 0 0
19217 0 0 0 -21 -7 33 31 29 -4 31 0 0 0 0
19218 0 0 0 -21 -7 33 31 29 -4 31 0 0 0 0
19219 0 0 0 -21 -7 33 31 29 -4 31 0 0 0 0
19220 0 0 0 -21 -7 33 31 29 -4 31 0 0 0 0
19221 0 0 0 -30 -10 82 80 72 -6 80 0 0 0 0
19222 0 0 0 -30 -10 82 80 72 -6 80 0 0 0 0
19223 0 0 0 -30 -10 82 80 72 -6 80 0 0 0 0
19224 0 0 0 -21 -7 51 49 47 -4 49 0 0 0 0
19225 0 0 0 -21 -7 51 49 47 -4 49 0 0 0 0
19226 0 0 0 -21 -7 51 49 47 -4 49 0 0 0 0
19227 0 0 0 -21 -7 51 49 47 -4 49 0 0 0 0
19228 0 0 0 -21 -7 51 49 47 -4 49 0 0 0 0
19229 0 0 0 -21 -7 51 49 47 -4 49 0 0 0 0
19230 0 0 0 -30 -10 41 40 30 -6 40 0 0 0 0
19231 0 0 0 -30 -10 41 40 30 -6 40 0 0 0 0
19232 0 0 0 -21 -7 21 20 19 -4 20 0 0 0 0
19233 0 0 0 -21 -7 21 20 19 -4 20 0 0 0 0
19234 0 0 0 -21 -7 21 20 19 -4 20 0 0 0 0
19235 0 0 0 -21 -7 21 20 19 -4 20 0 0 0 0
19236 0 0 0 -30 -10 65 63 55 -6 63 0 0 0 0
19237 0 0 0 -30 -10 65 63 55 -6 63 0 0 0 0
19238 0 0 0 -21 -7 33 31 29 -4 31 0 0 0 0
19239 0 0 0 -21 -7 33 31 29 -4 31 0 0 0 0
19240 0 0 0 -21 -7 33 31 29 -4 31 0 0 0 0
19241 0 0 0 -21 -7 33 31 29 -4 31 0 0 0 0
19242 0 0 0 -30 -10 82 80 72 -6 80 0 0 0 0
19243 0 0 0 -30 -10 82 80 72 -6 80 0 0 0 0
19244 0 0 0 -30 -10 82 80 72 -6 80 0 0 0 0
19245 0 0 0 -21 -7 51 49 47 -4 49 0 0 0 0
19246 0 0 0 -21 -7 51 49 47 -4 49 0 0 0 0
19247 0 0 0 -21 -7 51 49 47 -4 49 0 0 0 0
19248 0 0 0 -21 -7 51 49 47 -4 49 0 0 0 0
19249 0 0 0 -21 -7 51 49 47 -4 49 0 0 0 0
19250 0 0 0 -21 -7 51 49 47 -4 49 0 0 0 0
19251 0 0 0 -30 -10 41 40 30 -6 40 0 0 0 0
19252 0 0 0 -30 -10 41 40 30 -6 40 0 0 0 0
19253 0 0 0 -21 -7 21 20 19 -4 20 0 0 0 0
19254 0 0 0 -21 -7 21 20 19 -4 20 0 0 0 0
19255 0 0 0 -21 -7 21 20 19 -4 20 0 0 0 0
19256 0 0 0 -21 -7 21 20 19 -4 20 0 0 0 0
19257 0 0 0 -30 -10 65 63 55 -6 63 0 0 0 0
19258 0 0 0 -30 -10 65 63 55 -6 63 0 0 0 0
19259 0 0 0 -21 -7 33 31 29 -4 31 0 0 0 0
19260 0 0 0 -21 -7 33 31 29 -4 31 0 0 0 0
19261 0 0 0 -21 -7 33 31 29 -4 31 0 0 0 0
19262 0 0 0 -21 -7 33 31 29 -4 31 0 0 0 0
19263 0 0 0 -30 -10 82 80 72 -6 80 0 0 0 0
19264 0 0 0 -30 -10 82 80 72 -6 80 0 0 0 0
19265 0 0 0 -30 -10 82 80 72 -6 80 0 0 0 0
19266 0 0 0 -21 -7 51 49 47 -4 49 0 0 0 0
19267 0 0 0 -21 -7 51 49 47 -4 49 0 0 0 0
19268 0 0 0 -21 -7 51 49 47 -4 49 0 0 0 0
19269 0 0 0 -21 -7 51 49 47 -4 49 0 0 0 0
19270 0 0 0 -21 -7 51 49 47 -4 49 0 0 0 0
19271 0 0 0 -21 -7 51 49 47 -4 49 0 0 0 0
19308 10 -1 50 15 0 3 5 2 15 0 65 0 7 0
19309 10 -1 50 15 0 3 5 2 15 0 65 0 7 0
19310 10 -1 50 15 0 3 5 2 15 0 65 0 7 0
19311 0 0 0 1 0 3 3 3 3 3 0 0 6 0
19312 0 0 0 1 0 3 3 3 3 3 0 0 6 0
19313 0 0 0 1 0 3 3 3 3 3 0 0 6 0
19314 0 0 0 3 0 0 0 0 4 0 0 0 7 0
19315 0 0 0 3 0 0 0 0 4 0 0 0 7 0
19316 0 0 0 3 0 0 0 0 4 0 0 0 7 0
19317 0 0 0 4 0 0 0 0 4 0 0 0 6 0
19318 0 0 0 4 0 0 0 0 4 0 0 0 6 0
19319 0 0 0 4 0 0 0 0 4 0 0 0 6 0
19320 0 0 0 4 0 0 0 0 4 0 0 0 5 0
19321 0 0 0 4 0 0 0 0 4 0 0 0 5 0
19322 0 0 0 4 0 0 0 0 4 0 0 0 5 0
19323 10 -1 40 10 0 2 3 1 10 0 50 0 6 0
19324 10 -1 40 10 0 2 3 1 10 0 50 0 6 0
19325 10 -1 40 10 0 2 3 1 10 0 50 0 6 0
19326 10 -1 40 10 0 2 3 1 10 0 50 0 6 0
19327 10 -1 40 10 0 2 3 1 10 0 50 0 6 0
19328 10 -1 40 10 0 2 3 1 10 0 50 0 6 0
19329 10 -1 40 10 0 2 3 1 10 0 50 0 6 0
19330 10 -1 40 10 0 2 3 1 10 0 50 0 6 0
19331 10 -1 40 10 0 2 3 1 10 0 50 0 6 0
19332 10 -1 40 10 0 2 3 1 10 0 50 0 6 0
19335 10 10 10 10 10 15 15 15 15 15 8 0 5 0
19336 0 0 0 -6 -2 45 48 41 -1 46 0 0 0 0
19337 0 0 0 -30 0 109 107 97 -6 106 0 0 0 0
19338 0 0 0 -21 -7 68 66 63 -4 65 0 0 0 0
19339 0 0 0 -21 -7 68 66 63 -4 65 0 0 0 0
19340 0 0 0 -6 -2 50 52 48 0 50 0 0 0 0
19341 0 0 0 -6 -2 45 48 41 -1 46 0 0 0 0
19342 0 0 0 -30 0 109 107 97 -6 106 0 0 0 0
19343 0 0 0 -21 -7 68 66 63 -4 65 0 0 0 0
19344 0 0 0 -21 -7 68 66 63 -4 65 0 0 0 0
19345 0 0 0 -6 -2 50 52 48 0 50 0 0 0 0
19362 7 -1 25 10 0 2 3 1 10 0 32 0 6 0
19363 7 -1 25 10 0 2 3 1 10 0 32 0 6 0
19364 7 -1 25 10 0 2 3 1 10 0 32 0 6 0
19365 7 -1 25 10 0 2 3 1 10 0 32 0 6 0
19366 7 -1 25 10 0 2 3 1 10 0 32 0 6 0
19367 7 -1 25 10 0 2 3 1 10 0 32 0 6 0
19368 0 0 0 1 0 3 3 3 3 3 0 0 3 0
19369 0 0 0 1 0 3 3 3 3 3 0 0 3 0
19370 0 0 0 1 0 3 3 3 3 3 0 0 3 0
19371 0 0 0 1 0 3 3 3 3 3 0 0 3 0
19372 0 0 0 1 0 3 3 3 3 3 0 0 3 0
19373 0 0 0 1 0 3 3 3 3 3 0 0 3 0
19374 0 0 0 4 0 0 0 0 4 0 0 0 5 0
19375 0 0 0 4 0 0 0 0 4 0 0 0 5 0
19376 0 0 0 4 0 0 0 0 4 0 0 0 5 0
19377 0 0 0 4 0 0 0 0 4 0 0 0 5 0
19378 0 0 0 4 0 0 0 0 4 0 0 0 5 0
19379 0 0 0 4 0 0 0 0 4 0 0 0 5 0
19380 0 0 0 4 0 0 0 0 4 0 0 0 4 0
19381 0 0 0 4 0 0 0 0 4 0 0 0 4 0
19382 0 0 0 4 0 0 0 0 4 0 0 0 4 0
19383 0 0 0 4 0 0 0 0 4 0 0 0 4 0
19384 0 0 0 4 0 0 0 0 4 0 0 0 4 0
19385 0 0 0 4 0 0 0 0 4 0 0 0 4 0
19386 0 0 0 4 0 0 0 0 4 0 0 0 4 0
19387 0 0 0 4 0 0 0 0 4 0 0 0 4 0
19388 0 0 0 4 0 0 0 0 4 0 0 0 4 0
19389 0 0 0 4 0 0 0 0 4 0 0 0 4 0
19390 0 0 0 4 0 0 0 0 4 0 0 0 4 0
19391 0 0 0 4 0 0 0 0 4 0 0 0 4 0
19392 0 0 0 2 0 0 0 0 2 0 0 0 10 0
19393 0 0 0 2 0 0 0 0 2 0 0 0 10 0
19394 0 0 0 2 0 0 0 0 2 0 0 0 10 0
19395 0 0 0 2 0 0 0 0 2 0 0 0 10 0
19396 0 0 0 2 0 0 0 0 2 0 0 0 10 0
19397 0 0 0 2 0 0 0 0 2 0 0 0 10 0
19398 0 0 0 -30 -10 82 80 72 -6 80 0 0 0 0
19399 0 0 0 -30 -10 82 80 72 -6 80 0 0 0 0
19400 0 0 0 -30 -10 82 80 72 -6 80 0 0 0 0
19401 0 0 0 -21 -7 51 49 47 -4 49 0 0 0 0
19402 0 0 0 -21 -7 51 49 47 -4 49 0 0 0 0
19403 0 0 0 -21 -7 51 49 47 -4 49 0 0 0 0
19404 0 0 0 -21 -7 51 49 47 -4 49 0 0 0 0
19405 0 0 0 -21 -7 51 49 47 -4 49 0 0 0 0
19406 0 0 0 -21 -7 51 49 47 -4 49 0 0 0 0
19407 0 0 0 -6 -2 30 32 27 -1 30 0 0 0 0
19408 0 0 0 -6 -2 30 32 27 -1 30 0 0 0 0
19409 0 0 0 -6 -2 30 32 27 -1 30 0 0 0 0
19410 0 0 0 -8 -2 44 48 46 -1 46 0 0 0 0
19411 0 0 0 -8 -2 44 48 46 -1 46 0 0 0 0
19412 0 0 0 -8 -2 44 48 46 -1 46 0 0 0 0
19413 0 0 0 -30 -10 82 80 72 -6 80 0 0 0 0
19414 0 0 0 -30 -10 82 80 72 -6 80 0 0 0 0
19415 0 0 0 -30 -10 82 80 72 -6 80 0 0 0 0
19416 0 0 0 -21 -7 51 49 47 -4 49 0 0 0 0
19417 0 0 0 -21 -7 51 49 47 -4 49 0 0 0 0
19418 0 0 0 -21 -7 51 49 47 -4 49 0 0 0 0
19419 0 0 0 -21 -7 51 49 47 -4 49 0 0 0 0
19420 0 0 0 -21 -7 51 49 47 -4 49 0 0 0 0
19421 0 0 0 -21 -7 51 49 47 -4 49 0 0 0 0
19422 0 0 0 -6 -2 30 32 27 -1 30 0 0 0 0
19423 0 0 0 -6 -2 30 32 27 -1 30 0 0 0 0
19424 0 0 0 -6 -2 30 32 27 -1 30 0 0 0 0
19425 0 0 0 -8 -2 44 48 46 -1 46 0 0 0 0
19426 0 0 0 -8 -2 44 48 46 -1 46 0 0 0 0
19427 0 0 0 -8 -2 44 48 46 -1 46 0 0 0 0
19428 0 0 0 -30 -10 82 80 72 -6 80 0 0 0 0
19429 0 0 0 -30 -10 82 80 72 -6 80 0 0 0 0
19430 0 0 0 -30 -10 82 80 72 -6 80 0 0 0 0
19431 0 0 0 -21 -7 51 49 47 -4 49 0 0 0 0
19432 0 0 0 -21 -7 51 49 47 -4 49 0 0 0 0
19433 0 0 0 -21 -7 51 49 47 -4 49 0 0 0 0
19434 0 0 0 -21 -7 51 49 47 -4 49 0 0 0 0
19435 0 0 0 -21 -7 51 49 47 -4 49 0 0 0 0
19436 0 0 0 -21 -7 51 49 47 -4 49 0 0 0 0
19437 0 0 0 -6 -2 30 32 27 -1 30 0 0 0 0
19438 0 0 0 -6 -2 30 32 27 -1 30 0 0 0 0
19439 0 0 0 -6 -2 30 32 27 -1 30 0 0 0 0
19440 0 0 0 -8 -2 44 48 46 -1 46 0 0 0 0
19441 0 0 0 -8 -2 44 48 46 -1 46 0 0 0 0
19442 0 0 0 -8 -2 44 48 46 -1 46 0 0 0 0
19443 0 0 0 -10 11 6 5 7 8 0 0 0 0 0
19444 0 0 0 -10 11 6 5 7 8 0 0 0 0 0
19445 0 0 0 -15 30 55 47 60 50 55 0 0 0 0
19446 0 0 0 -15 30 55 47 60 50 55 0 0 0 0
19447 0 0 0 -10 17 31 25 33 28 31 0 0 0 0
19448 0 0 0 -10 17 31 25 33 28 31 0 0 0 0
19449 0 0 0 -1 7 4 7 10 4 8 0 0 0 0
19450 0 0 0 -1 7 4 7 10 4 8 0 0 0 0
19451 0 0 0 -10 11 6 5 7 8 0 0 0 0 0
19452 0 0 0 -10 11 6 5 7 8 0 0 0 0 0
19453 0 0 0 -15 30 55 47 60 50 55 0 0 0 0
19454 0 0 0 -15 30 55 47 60 50 55 0 0 0 0
19455 0 0 0 -10 17 31 25 33 28 31 0 0 0 0
19456 0 0 0 -10 17 31 25 33 28 31 0 0 0 0
19457 0 0 0 -1 7 4 7 10 4 8 0 0 0 0
19458 0 0 0 -1 7 4 7 10 4 8 0 0 0 0
19459 0 0 0 -10 11 6 5 7 8 0 0 0 0 0
19460 0 0 0 -10 11 6 5 7 8 0 0 0 0 0
19461 0 0 0 -15 30 55 47 60 50 55 0 0 0 0
19462 0 0 0 -15 30 55 47 60 50 55 0 0 0 0
19463 0 0 0 -10 17 31 25 33 28 31 0 0 0 0
19464 0 0 0 -10 17 31 25 33 28 31 0 0 0 0
19465 0 0 0 -1 7 4 7 10 4 8 0 0 0 0
19466 0 0 0 -1 7 4 7 10 4 8 0 0 0 0
19468 450 450 450 -100 22 450 450 450 -100 22 450 2 2 2
19469 30 30 30 -40 3 100 100 100 -30 3 30 1 1 1
19470 30 30 30 -40 3 100 100 100 -30 3 30 1 1 1
19471 30 30 30 -40 3 100 100 100 -30 3 30 1 1 1
19472 40 40 40 -50 4 120 120 120 -40 4 40 1 1 1
19473 40 40 40 -50 4 120 120 120 -40 4 40 1 1 1
19474 20 20 20 20 430 400 400 400 400 430 2 430 2 2
19481 0 0 0 -30 -10 41 40 30 -6 40 0 0 0 0
19482 0 0 0 -30 -10 65 63 55 -6 63 0 0 0 0
19483 0 0 0 -30 -10 82 80 72 -6 80 0 0 0 0
19484 0 0 0 -30 -10 41 40 30 -6 40 0 0 0 0
19485 0 0 0 -30 -10 65 63 55 -6 63 0 0 0 0
19486 0 0 0 -30 -10 82 80 72 -6 80 0 0 0 0
19487 0 0 0 -30 -10 41 40 30 -6 40 0 0 0 0
19488 0 0 0 -30 -10 65 63 55 -6 63 0 0 0 0
19489 0 0 0 -30 -10 82 80 72 -6 80 0 0 0 0
19490 0 0 0 -30 -10 41 40 30 -6 40 0 0 0 0
19491 0 0 0 -30 -10 65 63 55 -6 63 0 0 0 0
19492 0 0 0 -30 -10 82 80 72 -6 80 0 0 0 0
19493 0 0 0 -30 -10 41 40 30 -6 40 0 0 0 0
19494 0 0 0 -30 -10 65 63 55 -6 63 0 0 0 0
19495 0 0 0 -30 -10 82 80 72 -6 80 0 0 0 0
19508 0 0 0 4 0 0 0 0 4 0 0 0 4 0
19509 0 0 0 4 0 0 0 0 4 0 0 0 4 0
19510 0 0 0 4 0 0 0 0 4 0 0 0 4 0
19511 0 0 0 -30 0 109 107 97 -6 106 0 0 0 0
19512 0 0 0 -30 0 109 107 97 -6 106 0 0 0 0
19513 10 10 10 10 10 15 15 15 15 15 8 0 5 0
19514 0 0 0 -30 -10 82 80 72 -6 80 0 0 0 0
19515 0 0 0 -30 -10 82 80 72 -6 80 0 0 0 0
19516 0 0 0 -30 -10 82 80 72 -6 80 0 0 0 0
19517 0 0 0 -15 30 55 47 60 50 55 0 0 0 0
19518 0 0 0 -15 30 55 47 60 50 55 0 0 0 0
19520 0 0 0 -65 -21 91 92 77 -12 90 0 0 0 0
19521 0 0 0 -65 -21 91 92 77 -12 90 0 0 0 0
19522 0 0 0 -65 -21 91 92 77 -12 90 0 0 0 0
19523 0 0 0 -65 -21 91 92 77 -12 90 0 0 0 0
19524 0 0 0 -65 -21 91 92 77 -12 90 0 0 0 0
19525 0 0 0 -65 -21 91 92 77 -12 90 0 0 0 0
19526 0 0 0 -65 -21 91 92 77 -12 90 0 0 0 0
19527 0 0 0 -65 -21 91 92 77 -12 90 0 0 0 0
19528 0 0 0 -65 -21 91 92 77 -12 90 0 0 0 0
19529 0 0 0 -65 -21 91 92 77 -12 90 0 0 0 0
19530 0 0 0 -65 -21 91 92 77 -12 90 0 0 0 0
19531 0 0 0 -65 -21 91 92 77 -12 90 0 0 0 0
19532 0 0 0 -65 -21 91 92 77 -12 90 0 0 0 0
19533 0 0 0 -65 -21 91 92 77 -12 90 0 0 0 0
19534 0 0 0 -65 -21 91 92 77 -12 90 0 0 0 0
19535 0 0 0 -65 -21 91 92 77 -12 90 0 0 0 0
19536 0 0 0 -65 -21 91 92 77 -12 90 0 0 0 0
19537 0 0 0 -65 -21 91 92 77 -12 90 0 0 0 0
19538 0 0 0 -65 -21 91 92 77 -12 90 0 0 0 0
19539 0 0 0 -65 -21 91 92 77 -12 90 0 0 0 0
19540 0 0 0 -65 -21 144 146 129 -12 142 0 0 0 0
19541 0 0 0 -65 -21 144 146 129 -12 142 0 0 0 0
19542 0 0 0 -65 -21 144 146 129 -12 142 0 0 0 0
19543 0 0 0 -65 -21 144 146 129 -12 142 0 0 0 0
19544 0 0 0 -65 -21 144 146 129 -12 142 0 0 0 0
19545 0 0 0 -65 -21 144 146 129 -12 142 0 0 0 0
19546 0 0 0 -65 -21 144 146 129 -12 142 0 0 0 0
19547 0 0 0 -65 -21 144 146 129 -12 142 0 0 0 0
19548 0 0 0 -65 -21 144 146 129 -12 142 0 0 0 0
19549 0 0 0 -65 -21 144 146 129 -12 142 0 0 0 0
19550 0 0 0 -65 -21 144 146 129 -12 142 0 0 0 0
19551 0 0 0 -65 -21 144 146 129 -12 142 0 0 0 0
19552 0 0 0 -65 -21 144 146 129 -12 142 0 0 0 0
19553 0 0 0 -65 -21 144 146 129 -12 142 0 0 0 0
19554 0 0 0 -65 -21 144 146 129 -12 142 0 0 0 0
19555 0 0 0 -65 -21 144 146 129 -12 142 0 0 0 0
19556 0 0 0 -65 -21 144 146 129 -12 142 0 0 0 0
19557 0 0 0 -65 -21 144 146 129 -12 142 0 0 0 0
19558 0 0 0 -65 -21 144 146 129 -12 142 0 0 0 0
19559 0 0 0 -65 -21 144 146 129 -12 142 0 0 0 0
19560 0 0 0 -65 -21 207 209 192 -12 205 0 0 0 0
19561 0 0 0 -65 -21 207 209 192 -12 205 0 0 0 0
19562 0 0 0 -65 -21 207 209 192 -12 205 0 0 0 0
19563 0 0 0 -65 -21 207 209 192 -12 205 0 0 0 0
19564 0 0 0 -65 -21 207 209 192 -12 205 0 0 0 0
19565 0 0 0 -65 -21 207 209 192 -12 205 0 0 0 0
19566 0 0 0 -65 -21 207 209 192 -12 205 0 0 0 0
19567 0 0 0 -65 -21 207 209 192 -12 205 0 0 0 0
19568 0 0 0 -65 -21 207 209 192 -12 205 0 0 0 0
19569 0 0 0 -65 -21 207 209 192 -12 205 0 0 0 0
19570 0 0 0 -65 -21 207 209 192 -12 205 0 0 0 0
19571 0 0 0 -65 -21 207 209 192 -12 205 0 0 0 0
19572 0 0 0 -65 -21 207 209 192 -12 205 0 0 0 0
19573 0 0 0 -65 -21 207 209 192 -12 205 0 0 0 0
19574 0 0 0 -65 -21 207 209 192 -12 205 0 0 0 0
19575 0 0 0 -65 -21 207 209 192 -12 205 0 0 0 0
19576 0 0 0 -65 -21 207 209 192 -12 205 0 0 0 0
19577 0 0 0 -65 -21 207 209 192 -12 205 0 0 0 0
19578 0 0 0 -65 -21 207 209 192 -12 205 0 0 0 0
19579 0 0 0 -65 -21 207 209 192 -12 205 0 0 0 0
19588 0 0 0 -65 -21 207 209 192 -12 205 0 0 0 0
19589 0 0 0 -65 -21 207 209 192 -12 205 0 0 0 0
19590 0 0 0 -65 -21 207 209 192 -12 205 0 0 0 0
19591 0 0 0 -65 -21 207 209 192 -12 205 0 0 0 0
19592 0 0 0 -65 -21 207 209 192 -12 205 0 0 0 0
19593 0 0 0 -65 -21 207 209 192 -12 205 0 0 0 0
19594 0 0 0 -65 -21 207 209 192 -12 205 0 0 0 0
19595 0 0 0 -65 -21 207 209 192 -12 205 0 0 0 0
19596 0 0 0 -65 -21 207 209 192 -12 205 0 0 0 0
19597 0 0 0 -65 -21 207 209 192 -12 205 0 0 0 0
19598 0 0 0 -65 -21 207 209 192 -12 205 0 0 0 0
19599 0 0 0 -65 -21 207 209 192 -12 205 0 0 0 0
19613 6 6 6 0 0 6 6 6 0 0 0 0 5 0
19615 4 4 4 0 6 4 4 4 0 6 0 0 5 0
19617 4 4 4 6 0 4 4 4 6 0 0 0 5 0
19618 20 20 20 20 430 400 400 400 400 430 2 430 2 2
19619 20 20 20 20 430 400 400 400 400 430 2 430 2 2
19648 0 0 0 0 0 1 5 3 0 0 0 0 0 0
19669 0 0 0 0 0 0 0 0 0 0 3 0 0 0
19671 0 0 0 5 0 0 0 0 5 0 0 0 0 0
19706 0 0 0 0 8 8 8 8 0 8 0 0 0 0
19707 0 0 0 0 8 8 8 8 0 8 0 0 0 0
19709 0 0 0 0 0 9 9 9 9 9 0 0 4 0
19710 0 0 0 0 0 9 9 9 9 9 0 0 4 0
19711 0 0 0 0 0 40 40 40 15 40 0 0 0 0
19712 0 0 0 0 0 40 40 40 15 40 0 0 0 0
19748 7 7 7 7 7 17 17 17 17 17 10 0 9 0
19749 65 63 62 -2 -1 62 63 62 -2 -1 22 0 0 0
19754 1 1 1 1 1 1 1 1 1 1 1 0 0 0
19757 0 0 0 -30 -10 32 31 24 -6 31 0 0 0 0
19760 0 0 0 1 0 0 0 0 0 0 0 0 1 0
19763 0 0 0 0 0 0 0 0 5 0 0 0 3 0
19766 0 0 0 -3 -1 10 11 12 0 0 1 0 0 0
19776 0 0 0 1 0 0 0 0 0 0 0 0 0 0
19777 0 0 0 1 0 0 0 0 0 0 0 0 0 0
19780 60 70 -2 0 0 0 1 0 0 0 70 0 0 0
19781 0 0 0 -30 -10 41 40 30 -6 40 0 0 0 0
19782 0 0 0 -21 -7 21 20 19 -4 20 0 0 0 0
19783 0 0 0 -6 -2 12 13 10 -1 12 0 0 0 0
19784 116 117 -2 0 0 0 111 0 0 0 117 0 0 0
19785 0 0 0 0 0 45 45 45 45 45 0 0 3 0
19786 0 0 0 0 0 30 30 30 30 30 0 0 3 0
19787 0 0 0 0 0 80 80 80 80 80 0 0 8 0
19788 0 0 0 0 0 55 55 55 55 55 0 0 8 0
19789 0 0 0 0 0 80 80 80 80 80 0 0 8 0
19790 0 0 0 0 0 55 55 55 55 55 0 0 8 0
19794 0 0 0 -5 -3 45 47 48 0 0 0 0 12 0
19800 5000 5000 5000 5000 5000 5000 5000 5000 5000 5000 5000 5000 5000 5000
19802 5000 5000 5000 5000 5000 5000 5000 5000 5000 5000 5000 5000 5000 5000
19803 0 0 0 0 0 45 45 45 45 45 0 0 4 0
19804 0 0 0 0 0 30 30 30 30 30 0 0 4 0
19810 1000 1000 1000 1000 1000 1000 1000 1000 1000 1000 1000 1000 1000 1000
19811 40 40 40 -50 4 120 120 120 -40 4 40 1 1 1
19815 0 60 60 60 60 60 60 60 60 60 12 10 0 0
19816 0 0 0 102 -3 105 102 106 101 -1 0 0 12 0
19817 0 60 60 60 60 60 60 60 60 60 12 10 0 0
19818 0 70 60 70 60 70 60 70 60 70 62 60 0 0
19820 0 0 0 102 -3 105 102 106 101 -1 0 0 12 0
19821 0 0 0 102 -3 105 102 106 101 -1 0 0 12 0
19822 0 60 60 60 60 60 60 60 60 60 12 10 0 0
19823 0 60 60 60 60 60 60 60 60 60 12 10 0 0
19828 0 60 60 60 60 60 60 60 60 60 12 10 0 0
19830 0 0 0 0 4 0 0 0 0 0 0 6 0 0
19831 0 0 0 0 4 0 0 0 0 0 0 6 0 0
19843 0 0 0 0 5140 0 0 0 0 0 0 5140 0 0
19865 0 0 0 5 0 0 0 0 5 0 0 0 0 0
19866 0 0 0 7 0 0 0 0 7 0 0 0 0 0
19867 0 0 0 5 0 0 0 0 5 0 0 0 0 0
19868 0 0 0 7 0 0 0 0 7 0 0 0 0 0
19886 100 100 100 100 100 100 100 100 -100 -100 100 100 100 100
19887 10 10 10 10 10 15 15 15 15 15 8 0 62 0
19888 250 250 250 250 250 250 250 250 250 250 250 250 250 250
19889 0 0 0 7 0 0 0 0 7 0 0 0 0 0
19892 70 70 70 70 70 75 75 75 75 75 76 0 70 0
19893 0 0 0 0 0 3 3 3 3 3 0 0 0 0
19901 75 75 75 -85 7 175 175 175 -75 8 80 1 1 1
19902 75 75 75 -85 7 175 175 175 -75 8 80 1 1 1
19903 75 75 75 -85 7 175 175 175 -75 8 80 1 1 1
19904 94 94 94 -21 -8 190 120 125 -5 155 33 0 32 0
19905 94 94 94 -21 -8 190 120 125 -5 155 33 0 32 0
19906 1 2 0 3 4 5 6 7 8 9 14 0 0 17
19908 1 2 0 3 4 5 6 7 8 9 14 0 0 17
19909 0 0 0 200 0 0 0 0 400 0 0 0 0 70
19913 100 100 100 700 100 250 250 250 450 250 30 30 30 700
19914 50 50 50 50 50 25 25 25 25 25 15 15 15 15
19917 -4 -4 301 0 0 0 0 0 0 0 311 0 0 0
19918 100 100 100 700 100 250 250 250 450 250 30 30 30 700
19919 232 307 -2 220 22 0 32 22 0 0 274 0 0 0
19931 90 90 90 -90 9 190 190 190 -90 11 100 1 1 1
19933 90 90 90 -90 9 190 190 190 -90 11 100 1 1 1
19934 90 90 90 -90 9 190 190 190 -90 11 100 1 1 1
19938 25 25 25 25 25 10 10 10 10 10 5 5 5 5
19939 25 25 25 25 25 10 10 10 10 10 5 5 5 5
19940 430 430 430 -100 11 430 430 430 -100 11 430 1 1 1
19941 430 430 430 -100 11 430 430 430 -100 11 430 1 1 1
19943 430 430 430 -100 11 430 430 430 -100 11 430 1 1 1
19944 50 50 50 50 50 100 100 100 100 100 10 10 10 10
19945 50 50 50 50 50 100 100 100 100 100 10 10 10 10
19946 50 50 50 50 50 100 100 100 100 100 10 10 10 10
19957 270 270 270 -100 11 470 470 470 -100 11 270 1 1 1
19958 270 270 270 -100 11 470 470 470 -100 11 270 1 1 1
19959 270 270 270 -100 11 470 470 470 -100 11 270 1 1 1
19984 600 600 600 -100 22 600 600 600 -100 22 600 2 2 2
19985 600 600 600 -100 22 600 600 600 -100 22 600 2 2 2
19986 600 600 600 -100 22 600 600 600 -100 22 600 2 2 2
19987 300 300 300 -100 22 300 300 300 -100 22 300 2 2 2
19988 300 300 300 -100 22 300 300 300 -100 22 300 2 2 2
19989 300 300 300 -100 22 300 300 300 -100 22 300 2 2 2
19992 150 150 150 -100 22 150 150 150 -100 22 150 2 2 2
19994 450 450 450 -100 22 450 450 450 -100 22 450 2 2 2
20000 2 2 2 -4 -1 20 21 22 0 3 4 0 0 0
20001 0 0 0 -12 10 3 4 5 3 0 0 0 0 0
20002 0 0 0 10 0 3 4 5 3 0 0 0 0 0
20044 0 0 0 0 0 10 15 19 0 12 0 0 0 0
20045 0 0 0 0 -7 11 10 10 0 10 0 0 0 0
20046 0 0 0 0 -1 4 5 3 0 4 0 0 0 0
20048 0 0 0 0 0 10 15 19 0 12 0 0 0 0
20049 0 0 0 0 -7 11 10 10 0 10 0 0 0 0
20050 0 0 0 0 -1 4 5 3 0 4 0 0 0 0
20054 0 0 0 0 0 1 1 1 1 1 0 0 0 0
20057 0 0 0 200 0 0 0 0 400 0 0 0 0 70
20060 5000 5000 5000 5000 5000 5000 5000 5000 5000 5000 5000 5000 5000 5000
20062 5000 5000 5000 5000 5000 5000 5000 5000 5000 5000 5000 5000 5000 5000
20063 5000 5000 5000 5000 5000 5000 5000 5000 5000 5000 5000 5000 5000 5000
20068 0 0 0 0 5 0 1 0 5 0 0 0 0 0
20072 25 24 23 -3 -2 25 24 23 -3 -2 6 0 0 0
20073 5000 5000 5000 5000 5000 5000 5000 5000 5000 5000 5000 5000 5000 5000
20079 6 6 6 6 6 17 17 17 17 17 6 0 5 0
20080 0 0 0 -30 0 66 85 62 -6 67 4 0 0 0
20081 10 10 10 10 10 24 24 24 24 24 14 0 10 0
20084 0 0 86 0 0 0 0 0 0 0 82 0 0 0
20086 250 250 250 250 250 250 250 250 250 250 250 250 250 250
20087 250 250 250 250 250 250 250 250 250 250 250 250 250 250
20088 250 250 250 250 250 250 250 250 250 250 250 250 250 250
20089 250 250 250 250 250 250 250 250 250 250 250 250 250 250
20090 250 250 250 250 250 250 250 250 250 250 250 250 250 250
20091 250 250 250 250 250 250 250 250 250 250 250 250 250 250
20092 250 250 250 250 250 250 250 250 250 250 250 250 250 250
20093 250 250 250 250 250 250 250 250 250 250 250 250 250 250
20098 4444 4444 4444 1 1 4444 4444 4444 1 1 4444 1 2 2
20099 250 250 250 250 250 250 250 250 250 250 250 250 250 250
20118 0 0 0 30 30 30 30 30 30 30 30 0 0 0
20171 0 0 0 0 150 0 0 0 0 0 0 115 0 0
20172 0 0 0 0 120 0 0 0 0 0 0 115 0 0
20173 0 0 0 0 800 0 0 0 0 0 0 800 0 0
20174 0 0 0 0 120 0 0 0 0 0 0 115 0 0
20400 20000 20000 20000 20000 20000 20000 20000 20000 20000 20000 20000 20000 20000 20000
20436 0 0 0 0 0 0 0 0 9 0 0 0 0 0
20437 0 0 0 0 0 0 0 0 9 0 0 0 0 0
20438 0 0 0 -21 -8 80 40 55 -5 95 13 0 12 0
20439 0 0 0 0 0 0 0 0 10 0 0 0 0 0
20440 0 0 0 0 0 0 0 0 6 0 0 0 0 0
20441 0 0 0 0 0 0 0 0 6 0 0 0 0 0
20442 0 0 0 0 0 0 0 0 6 0 0 0 0 0
20443 0 0 0 0 0 0 0 0 6 0 0 0 0 0
20444 0 0 0 0 0 0 0 0 20 0 0 0 0 0
20445 0 0 0 0 0 0 0 0 20 0 0 0 0 0
20446 0 0 0 0 0 0 0 0 25 0 0 0 0 0
20447 0 0 0 0 0 0 0 0 25 0 0 0 0 0
20448 0 0 0 0 0 0 0 0 1 0 0 0 0 0
20449 0 0 0 0 0 0 0 0 1 0 0 0 0 0
20450 0 0 0 0 0 0 0 0 1 0 0 0 0 0
20451 0 0 0 0 0 0 0 0 1 0 0 0 0 0
20452 0 0 0 0 0 0 0 0 2 0 0 0 0 0
20453 0 0 0 0 0 0 0 0 2 0 0 0 0 0
20454 0 0 0 0 0 0 0 0 3 0 0 0 0 0
20455 0 0 0 0 0 0 0 0 3 0 0 0 0 0
20456 0 0 0 -3 -1 16 17 18 0 0 4 0 0 0
20457 0 0 0 0 0 0 0 0 4 0 0 0 0 0
20458 0 0 0 0 0 0 0 0 1 0 0 0 0 0
20459 0 0 0 0 0 0 0 0 1 0 0 0 0 0
20460 0 0 0 -1 -1 14 15 15 -1 14 3 0 0 0
20461 0 0 0 0 0 0 0 0 1 0 0 0 0 0
20462 0 0 0 0 0 0 0 0 2 0 0 0 0 0
20463 0 0 0 0 0 0 0 0 2 0 0 0 0 0
20464 0 0 0 0 0 0 0 0 3 0 0 0 0 0
20465 0 0 0 0 0 0 0 0 3 0 0 0 0 0
20466 0 0 0 0 0 0 0 0 4 0 0 0 0 0
20467 0 0 0 0 0 0 0 0 4 0 0 0 0 0
20533 4000 4000 4000 100 100 0 0 0 0 0 4000 10 0 0
20534 44 344 44 0 0 0 0 0 0 0 300 0 0 0
20535 0 256 -2 0 0 0 61 64 0 0 267 0 0 0
20536 2 10 -2 0 0 0 1 0 0 0 9 0 0 0
20537 2 10 -2 0 0 0 1 0 0 0 9 0 0 0
20538 3 15 -2 0 0 0 1 0 0 0 14 0 0 0
20539 3 15 -2 0 0 0 1 0 0 0 14 0 0 0
20540 3 15 -2 0 0 0 1 0 0 0 14 0 0 0
20541 3 15 -2 0 0 0 1 0 0 0 14 0 0 0
20542 3500 3500 3500 1 1 3500 3500 3500 1 1 3500 1 2 2
20543 5 21 -2 0 0 0 1 0 0 0 20 0 0 0
20544 5 21 -2 0 0 0 1 0 0 0 20 0 0 0
20545 5 21 -2 0 0 0 1 0 0 0 20 0 0 0
20546 5 21 -2 0 0 0 1 0 0 0 20 0 0 0
20547 5 21 -2 0 0 0 1 0 0 0 20 0 0 0
20548 6 29 -2 0 0 0 1 0 0 0 28 0 0 0
20549 800 800 800 0 0 0 0 0 0 0 330 0 0 0
20550 6 29 -2 0 0 0 1 0 0 0 28 0 0 0
20551 3447 3445 3113 3113 0 0 3441 0 0 0 5144 0 0 0
20552 3447 3445 3113 3113 0 0 3441 0 0 0 5144 0 0 0
20553 0 0 0 0 100 0 0 0 0 0 0 100 0 0
20555 400 310 410 500 10 10 10 10 500 0 300 500 0 0
20556 7 45 -2 0 0 0 1 0 0 0 44 0 0 0
20557 3447 3447 3447 1 1 3447 3447 3447 1 1 3447 1 2 2
20558 3447 3445 3113 3113 0 0 3441 0 0 0 5144 0 0 0
20559 276 276 242 82 45 77 115 115 102 112 487 0 0 0
20591 10000 10000 10000 10000 10000 10000 10000 10000 10000 10000 10000 10000 10000 10000
20672 67 8 -2 0 0 0 0 0 0 0 66 0 0 0
20673 67 8 -2 0 0 0 0 0 0 0 66 0 0 0
20747 20 20 20 20 20 25 25 25 25 25 18 0 35 0
20790 412 301 500 100 100 444 444 444 444 444 400 100 20 100
20791 412 301 500 100 100 444 444 444 444 444 400 100 20 100
20792 412 301 500 100 100 444 444 444 444 444 400 100 20 100
21005 48 67 0 14 0 0 2 2 14 0 69 0 0 14
21015 30 30 30 -30 2 90 90 90 -20 2 30 1 1 1
21016 30 30 30 -30 3 90 90 90 -20 3 30 2 2 2
21017 30 30 30 -30 3 90 90 90 -20 3 30 2 2 2
21018 0 0 0 0 300 0 0 0 0 0 0 300 0 0
21019 0 0 0 0 100 0 0 0 0 0 0 100 0 0
21025 250 250 250 -100 11 250 250 250 -100 11 250 1 1 1
21026 250 250 250 -100 11 250 250 250 -100 11 250 1 1 1
21027 250 250 250 -100 11 250 250 250 -100 11 250 1 1 1
21028 250 250 250 -100 11 250 250 250 -100 11 250 1 1 1
21029 250 250 250 -100 11 250 250 250 -100 11 250 1 1 1
21030 250 250 250 -100 11 250 250 250 -100 11 250 1 1 1
21031 500 500 500 500 500 500 500 500 500 500 400 200 30 200
21032 500 500 500 500 500 500 500 500 500 500 400 200 30 200
21033 500 500 500 500 500 500 500 500 500 500 400 200 30 200
21034 3500 3500 3500 1 1 3500 3500 3500 1 1 3500 1 2 2
21035 500 500 500 500 500 500 500 500 500 500 400 200 30 200
21036 666 111 666 111 666 111 666 111 666 111 300 100 60 100
21037 111 666 111 666 111 666 111 666 111 666 300 100 60 100
21038 666 111 666 111 666 111 666 111 666 111 300 100 60 100
21039 111 666 111 666 111 666 111 666 111 666 300 100 60 100
21040 50 50 50 50 50 50 50 50 50 50 50 50 50 50
21041 50 50 50 50 50 50 50 50 50 50 50 50 50 50
21050 450 450 450 -100 11 450 450 450 -100 11 450 1 1 1
21051 450 450 450 -100 11 450 450 450 -100 11 450 1 1 1
21052 450 450 450 -100 11 450 450 450 -100 11 450 1 1 1
21053 0 0 0 0 840 0 0 0 0 0 0 840 0 0
21054 0 0 0 0 1140 0 0 0 0 0 0 1140 0 0
21055 0 0 0 0 1040 0 0 0 0 0 0 1040 0 0
21056 0 0 0 0 940 0 0 0 0 0 0 940 0 0
21057 230 230 230 230 230 0 0 0 0 0 230 10 0 0
21058 950 950 950 950 1 1 950 1 1 1 950 1 1 1
21062 450 450 450 -100 11 450 450 450 -100 11 450 1 1 1
21063 450 450 450 -100 11 450 450 450 -100 11 450 1 1 1
21064 450 450 450 -100 11 450 450 450 -100 11 450 1 1 1
21065 150 150 150 -100 11 150 150 150 -100 11 150 1 1 1
21066 150 150 150 -100 11 150 150 150 -100 11 150 1 1 1
21067 150 150 150 -100 11 150 150 150 -100 11 150 1 1 1
21068 150 150 150 -100 11 150 150 150 -100 11 150 1 1 1
21069 150 150 150 -100 11 150 150 150 -100 11 150 1 1 1
21071 350 350 350 -100 11 350 350 350 -100 11 350 1 1 1
21371 0 82 0 0 0 0 0 0 0 0 102 0 0 0
21462 0 0 0 12 -3 25 22 26 11 -1 0 0 2 0
21463 0 0 0 42 -11 82 60 80 44 0 0 0 2 0
21464 0 0 0 32 -8 45 42 50 36 0 0 0 2 0
21467 -6 -6 -6 -10 24 15 15 19 11 15 0 0 2 0
21468 -8 -8 -8 -15 58 85 60 78 85 70 0 0 2 0
21469 -6 -6 -6 -15 35 48 32 50 57 48 0 0 2 0
21472 0 0 0 -7 -3 88 93 75 -2 84 5 0 2 0
21473 0 0 0 -31 -11 176 160 128 -10 170 8 0 2 0
21474 0 0 0 -21 -8 122 110 105 -5 135 3 0 2 0
21526 3 3 3 -1 2 0 0 0 0 0 0 1 1 -1
21600 850 850 850 850 850 850 850 850 850 850 850 850 850 850
21601 850 850 850 850 850 850 850 850 850 850 850 850 850 850
21602 850 850 850 850 850 850 850 850 850 850 850 850 850 850
21603 10000 10000 10000 10000 10000 10000 10000 10000 10000 10000 10000 10000 10000 10000
21604 850 850 850 850 850 850 850 850 850 850 850 850 850 850
21605 850 850 850 850 850 850 850 850 850 850 850 850 850 850
21606 1000 1000 1000 1000 9000 1000 1000 1000 1000 9000 1000 9000 1000 1000
21607 800 800 800 800 800 800 800 800 800 800 800 800 800 800
21608 800 800 800 800 800 800 800 800 800 800 800 800 800 800
21609 800 800 800 800 800 800 800 800 800 800 800 800 800 800
21610 800 800 800 800 800 800 800 800 800 800 800 800 800 800
21611 800 800 800 800 800 800 800 800 800 800 800 800 800 800
21612 800 800 800 800 800 800 800 800 800 800 800 800 800 800
21777 65 80 0 31 0 0 7 5 29 0 82 0 0 25
21780 850 850 850 850 850 850 850 850 850 850 850 850 850 850
21934 100 100 100 700 100 250 250 250 450 250 30 30 30 700
22000 50 50 50 50 50 100 100 100 100 100 50 50 50 50
22001 100 100 100 100 100 150 150 150 150 150 100 100 100 100
22002 150 150 150 150 150 200 200 200 200 200 150 150 150 150
22003 200 200 200 200 200 250 250 250 250 250 200 200 200 200
22004 300 300 300 300 300 350 350 350 350 350 300 300 300 300
22005 1500 1500 1500 1500 1500 1500 1500 1500 1500 1500 1500 1500 1500 1500
22006 0 0 0 0 9999 0 0 0 0 0 0 9999 0 0
22008 0 104 -2 0 0 0 7 4 0 0 107 0 0 0
22009 0 104 -2 0 0 0 7 4 0 0 107 0 0 0
22010 0 0 0 0 200 0 0 0 0 0 0 200 0 0
22011 0 0 0 0 100 0 0 0 0 0 0 0 0 0
22013 144 121 -2 0 0 0 0 0 0 0 117 0 10 0
22034 0 0 0 0 130 0 0 0 0 0 0 0 1 0
22036 0 0 0 3 0 0 0 0 3 0 0 0 0 0
22037 0 0 0 21 0 0 0 0 21 0 0 0 0 0
22038 0 0 0 21 0 0 0 0 21 0 0 0 0 0
22039 40 25 -4 1 0 0 0 0 1 0 40 0 0 0
22040 8 8 8 8 8 0 0 0 0 0 0 0 5 0
22044 10 10 10 10 10 20 20 20 20 20 14 0 10 0
22052 0 0 0 0 8 12 12 12 12 12 7 7 8 0
22062 -4 129 113 -4 0 0 0 0 0 -1 205 0 0 0
22063 -4 129 113 -4 0 0 0 0 0 -1 205 0 0 0
22064 -8 -8 -8 12 12 50 52 48 15 0 0 0 0 0
22065 -8 -8 -8 12 12 50 52 48 15 0 0 0 0 0
22066 -12 -12 -12 -8 12 0 0 0 24 52 0 0 0 0
22067 -12 -12 -12 -8 12 0 0 0 24 52 0 0 0 0
22070 263 222 219 100 100 0 0 0 0 0 273 10 0 0
22071 1000 1000 1000 100 100 0 0 0 0 0 1000 10 0 0
22073 1500 1500 1500 100 100 0 0 0 0 0 1500 10 0 0
22074 120 120 120 100 100 0 0 0 0 0 120 10 0 0
22075 652 624 663 100 100 0 0 0 0 0 592 10 0 0
22076 982 894 773 100 100 0 0 0 0 0 777 10 0 0
22077 230 230 230 230 230 0 0 0 0 0 230 10 0 0
22078 590 590 590 100 100 0 0 0 0 0 590 10 0 0
22079 700 700 700 100 100 0 0 0 0 0 700 10 0 0
22080 630 630 630 100 100 0 0 0 0 0 630 20 0 0
22081 320 320 320 320 320 0 0 0 0 0 490 10 0 0
22083 0 0 0 0 2147 0 0 0 0 2145 0 2147 0 0
22084 500 500 500 0 0 0 0 0 0 0 500 0 0 0
22087 20 20 20 30 330 30 30 30 0 0 30 330 0 0
22088 20 20 20 30 400 30 30 30 0 0 30 400 0 0
22090 20 20 20 30 700 30 30 30 0 0 30 700 0 0
22091 0 210 210 300 20 20 20 20 280 0 120 120 0 0
22092 0 0 0 500 0 0 0 0 0 0 0 0 0 500
22093 852 894 873 100 100 0 0 0 0 0 898 10 0 0
22100 2500 2500 2500 2500 2500 2500 2500 2500 2500 2500 2500 2500 2500 2500
22101 2500 2500 2500 2500 2500 2500 2500 2500 2500 2500 2500 2500 2500 2500
22102 2500 2500 2500 2500 2500 2500 2500 2500 2500 2500 2500 2500 2500 2500
22103 2500 2500 2500 2500 2500 2500 2500 2500 2500 2500 2500 2500 2500 2500
22104 2500 2500 2500 2500 2500 2500 2500 2500 2500 2500 2500 2500 2500 2500
22105 30000 30000 30000 30000 30000 30000 30000 30000 30000 30000 30000 30000 30000 30000
22109 40000 40000 40000 40000 40000 40000 40000 40000 40000 40000 40000 40000 40000 40000
22111 15000 15000 15000 15000 15000 15000 15000 15000 15000 15000 15000 15000 15000 15000
22113 1 1 1 1 37500 1 1 1 1 37500 1 37500 2 2
22114 1 1 1 37500 1 1 1 1 37500 1 1 2 2 37500
22115 56250 56250 56250 0 0 56250 56250 56250 0 0 56250 0 0 0
22118 1000 1000 1000 1000 1000 2650 2650 2650 2650 2650 2200 2200 2 2200
22119 1000 1000 1000 1000 1000 2650 2650 2650 2650 2650 2200 2200 2 2200
22120 1000 1000 1000 1000 1000 2650 2650 2650 2650 2650 2200 2200 2 2200
23044 250 250 250 250 250 500 500 500 500 500 500 500 500 0
23045 500 500 500 500 500 750 750 750 750 750 750 750 750 0
23046 750 750 750 750 750 1000 1000 1000 1000 1000 1000 1000 1000 0
23047 1750 1750 1750 1750 1750 2000 2000 2000 2000 2000 2000 2000 2000 0
23048 2000 2000 2000 2000 2000 3000 3000 3000 3000 3000 3000 3000 3000 0
23049 3000 3000 3000 3000 3000 4000 4000 4000 4000 4000 4000 4000 4000 0
23061 1 1 1 1 47500 1 1 1 1 47500 1 47500 2 2
23062 1 1 1 47500 1 1 1 1 47500 1 1 2 2 47500
23063 70000 70000 70000 0 0 70000 70000 70000 0 0 70000 0 0 0
23067 0 0 0 0 375 0 0 0 0 750 0 125 0 0
23068 0 0 0 0 375 0 0 0 0 750 0 125 0 0
23069 400 400 400 400 400 800 800 800 800 800 200 200 0 200
23070 450 450 450 450 450 900 900 900 900 900 225 225 0 225
23071 350 350 350 350 350 700 700 700 700 700 175 175 0 175
23072 625 625 625 625 625 1250 1250 1250 1250 1250 320 320 0 320
23073 750 750 750 750 750 1500 1500 1500 1500 1500 375 375 0 375
23074 525 525 525 525 525 1050 1050 1050 1050 1050 275 275 0 275
23075 0 0 0 750 0 0 0 0 1500 0 0 0 0 250
23076 0 0 0 750 0 0 0 0 1500 0 0 0 0 250
23077 0 0 0 750 0 0 0 0 1500 0 0 0 0 250
23087 75 75 75 75 75 75 75 75 75 75 75 75 0 75
23089 25 25 25 25 25 10 10 10 10 10 5 5 5 5
23090 150 150 150 150 150 150 150 150 150 150 150 150 0 150
23091 25 25 25 25 25 10 10 10 10 10 5 5 5 5
23092 0 0 0 250 0 0 0 0 250 0 0 0 0 250
23093 0 0 0 0 250 0 0 0 0 250 0 250 0 0
23094 250 250 250 0 0 250 250 250 0 0 250 0 0 0
23095 750 750 750 750 750 750 750 750 750 750 750 750 0 750
23096 0 0 0 400 0 0 0 0 400 0 0 0 0 400
23097 400 400 400 0 0 400 400 400 0 0 400 0 0 0
23098 0 0 0 0 400 0 0 0 0 400 0 400 0 0
23099 50 50 50 50 50 50 50 50 50 50 50 50 0 50
23100 75 75 75 75 75 75 75 75 75 75 75 75 0 75
23101 150 150 150 150 150 150 150 150 150 150 150 150 0 150
23102 250 250 250 250 250 250 250 250 250 250 250 250 0 250
23127 750 750 750 750 750 1500 1500 1500 1500 1500 250 250 0 250
23128 750 750 750 750 750 1500 1500 1500 1500 1500 250 250 0 250
23129 750 750 750 750 750 1500 1500 1500 1500 1500 250 250 0 250
23130 375 375 375 375 375 750 750 750 750 750 125 125 0 125
23131 375 375 375 375 375 750 750 750 750 750 125 125 0 125
23132 1875 1875 1875 0 0 0 0 0 0 0 1875 0 0 0
23133 2500 2500 2500 2500 2500 2500 2500 2500 2500 2500 2500 2500 2500 2500
23139 150 150 150 150 150 300 300 300 300 300 50 50 50 50
23140 150 150 150 150 150 300 300 300 300 300 50 50 50 50
23141 150 150 150 150 150 300 300 300 300 300 50 50 50 50
23142 75 75 75 75 75 150 150 150 150 150 25 25 25 25
23143 75 75 75 75 75 150 150 150 150 150 25 25 25 25
23144 0 0 0 0 2250 0 0 0 0 0 0 2250 0 0
23145 0 0 0 2375 0 0 0 0 0 0 0 0 0 2375
23146 2250 2250 2250 0 0 0 0 0 0 0 2250 0 0 0
23175 0 0 0 375 0 0 0 0 750 0 0 0 0 125
23184 75 75 75 75 75 150 150 150 150 150 25 25 25 25
23185 75 75 75 75 75 150 150 150 150 150 25 25 25 25
23186 75 75 75 75 75 150 150 150 150 150 25 25 25 25
23187 75 75 75 75 75 150 150 150 150 150 25 25 25 25
23188 0 0 0 0 0 1 1 1 0 0 0 0 0 0
23189 75 75 75 75 75 150 150 150 150 150 25 25 25 25
23190 75 75 75 75 75 150 150 150 150 150 25 25 25 25
23191 75 75 75 75 75 150 150 150 150 150 25 25 25 25
23192 75 75 75 75 75 150 150 150 150 150 25 25 25 25
23193 75 75 75 75 75 150 150 150 150 150 25 25 25 25
23194 75 75 75 75 75 150 150 150 150 150 25 25 25 25
23195 0 0 0 0 0 1 1 1 0 0 0 0 0 0
23196 75 75 75 75 75 150 150 150 150 150 25 25 25 25
23197 1250 1250 1250 0 0 0 0 0 0 0 1250 0 0 0
23198 2500 2500 2500 0 0 0 0 0 0 0 2500 0 0 0
23199 5000 5000 5000 0 0 0 0 0 0 0 5000 0 0 0
23201 7500 7500 7500 0 0 0 0 0 0 0 7500 0 0 0
23202 10000 10000 10000 0 0 0 0 0 0 0 10000 0 0 0
23203 15000 15000 15000 0 0 0 0 0 0 0 15000 0 0 0
23220 10000 10000 10000 10000 10000 10000 10000 10000 10000 10000 10000 10000 10000 10000
23221 10000 10000 10000 10000 10000 10000 10000 10000 10000 10000 10000 10000 10000 10000
23222 10000 10000 10000 10000 10000 10000 10000 10000 10000 10000 10000 10000 10000 10000
23223 5000 5000 5000 5000 5000 5000 5000 5000 5000 5000 5000 5000 5000 5000
23224 7500 7500 7500 7500 7500 7500 7500 7500 7500 7500 7500 7500 7500 7500
23226 1 1 1 1 47500 1 1 1 1 47500 1 47500 2 2
23227 1 1 1 47500 1 1 1 1 47500 1 1 2 2 47500
23228 1 1 1 1 60000 1 1 1 1 60000 1 60000 2 2
23230 5000 5000 5000 5000 5000 5000 5000 5000 5000 5000 5000 5000 5000 5000
23231 5000 5000 5000 5000 5000 5000 5000 5000 5000 5000 5000 5000 5000 5000
23232 5000 5000 5000 5000 5000 5000 5000 5000 5000 5000 5000 5000 5000 5000
23233 7500 7500 7500 7500 7500 7500 7500 7500 7500 7500 7500 7500 7500 7500
23234 7500 7500 7500 7500 7500 7500 7500 7500 7500 7500 7500 7500 7500 7500
23235 7500 7500 7500 7500 7500 7500 7500 7500 7500 7500 7500 7500 7500 7500
23241 20000 20000 20000 20000 20000 20000 20000 20000 20000 20000 20000 20000 20000 20000
23243 6500 6500 6500 0 0 0 0 0 0 0 6500 0 0 0
23244 0 0 0 6500 0 0 0 0 0 0 0 0 0 6500
23245 0 0 0 0 6500 0 0 0 0 0 0 6500 0 0
23246 5000 5000 5000 0 0 0 0 0 0 0 5000 0 0 0
23247 0 0 0 5000 0 0 0 0 0 0 0 0 0 5000
23248 0 0 0 0 5000 0 0 0 0 0 0 5000 0 0
23249 8000 8000 8000 0 0 0 0 0 0 0 8000 0 0 0
23250 0 0 0 8000 0 0 0 0 0 0 0 0 0 8000
23251 0 0 0 0 8000 0 0 0 0 0 0 8000 0 0
23258 1500 1500 1500 1500 1500 1500 1500 1500 1500 1500 1500 1500 1500 1500
23259 5000 5000 5000 5000 5000 5000 5000 5000 5000 5000 5000 5000 5000 5000
23260 5000 5000 5000 5000 5000 5000 5000 5000 5000 5000 5000 5000 5000 5000
23261 5000 5000 5000 5000 5000 5000 5000 5000 5000 5000 5000 5000 5000 5000
23262 5000 5000 5000 5000 5000 5000 5000 5000 5000 5000 5000 5000 5000 5000
23263 5000 5000 5000 5000 5000 5000 5000 5000 5000 5000 5000 5000 5000 5000
23267 1 1 1 1 60000 1 1 1 1 60000 1 60000 2 2
23268 60000 60000 60000 60000 60000 60000 60000 60000 60000 60000 60000 60000 60000 60000
23269 1 1 1 1 35000 1 1 1 1 35000 1 35000 2 2
23270 60000 60000 60000 60000 60000 60000 60000 60000 60000 60000 60000 60000 60000 60000
23271 30000 30000 30000 30000 30000 30000 30000 30000 30000 30000 30000 30000 30000 30000
23272 10000 10000 10000 10000 10000 10000 10000 10000 10000 10000 10000 10000 10000 10000
23281 2500 2500 2500 2500 2500 2500 2500 2500 2500 2500 2500 2500 2500 2500
23282 2500 2500 2500 2500 2500 2500 2500 2500 2500 2500 2500 2500 2500 2500
23283 2500 2500 2500 2500 2500 2500 2500 2500 2500 2500 2500 2500 2500 2500
23284 2500 2500 2500 2500 2500 2500 2500 2500 2500 2500 2500 2500 2500 2500
23285 2500 2500 2500 2500 2500 2500 2500 2500 2500 2500 2500 2500 2500 2500
23286 2500 2500 2500 2500 2500 2500 2500 2500 2500 2500 2500 2500 2500 2500
23287 2500 2500 2500 2500 2500 2500 2500 2500 2500 2500 2500 2500 2500 2500
23288 2500 2500 2500 2500 2500 2500 2500 2500 2500 2500 2500 2500 2500 2500
23289 2500 2500 2500 2500 2500 2500 2500 2500 2500 2500 2500 2500 2500 2500
23290 2500 2500 2500 2500 2500 2500 2500 2500 2500 2500 2500 2500 2500 2500
23291 2500 2500 2500 2500 2500 2500 2500 2500 2500 2500 2500 2500 2500 2500
23292 10000 10000 10000 10000 10000 10000 10000 10000 10000 10000 10000 10000 10000 10000
